datum_snapshot,datum_slot,uhrzeit_slot,dauer_minuten,court,preis,status,tage_im_voraus
2026-05-29T19:31:01,2026-05-29,21:00,60,Padel 3,40.0,frei,0
2026-05-29T19:31:01,2026-05-29,20:00,60,Padel 2,40.0,frei,0
2026-05-29T19:31:01,2026-05-29,20:00,120,Padel 2,80.0,frei,0
2026-05-29T19:31:01,2026-05-29,21:00,60,Padel 2,40.0,frei,0
2026-05-29T19:31:01,2026-05-29,21:00,60,Padel 4,40.0,frei,0
2026-05-29T19:31:01,2026-05-29,21:00,120,Padel 4,80.0,frei,0
2026-05-29T19:31:01,2026-05-29,22:00,60,Padel 4,40.0,frei,0
2026-05-29T19:31:01,2026-05-29,20:30,90,Padel 1,60.0,frei,0
2026-05-29T19:31:01,2026-05-30,08:00,60,Padel 4,40.0,frei,1
2026-05-29T19:31:01,2026-05-30,08:00,120,Padel 4,80.0,frei,1
2026-05-29T19:31:01,2026-05-30,08:30,90,Padel 4,60.0,frei,1
2026-05-29T19:31:01,2026-05-30,09:00,60,Padel 4,40.0,frei,1
2026-05-29T19:31:01,2026-05-30,14:30,90,Padel 4,60.0,frei,1
2026-05-29T19:31:01,2026-05-30,18:30,60,Padel 4,40.0,frei,1
2026-05-29T19:31:01,2026-05-30,18:30,90,Padel 4,60.0,frei,1
2026-05-29T19:31:01,2026-05-30,18:30,120,Padel 4,80.0,frei,1
2026-05-29T19:31:01,2026-05-30,19:30,60,Padel 4,40.0,frei,1
2026-05-29T19:31:01,2026-05-30,19:30,90,Padel 4,60.0,frei,1
2026-05-29T19:31:01,2026-05-30,19:30,120,Padel 4,80.0,frei,1
2026-05-29T19:31:01,2026-05-30,20:00,60,Padel 4,40.0,frei,1
2026-05-29T19:31:01,2026-05-30,20:00,90,Padel 4,60.0,frei,1
2026-05-29T19:31:01,2026-05-30,20:00,120,Padel 4,80.0,frei,1
2026-05-29T19:31:01,2026-05-30,20:30,60,Padel 4,40.0,frei,1
2026-05-29T19:31:01,2026-05-30,20:30,90,Padel 4,60.0,frei,1
2026-05-29T19:31:01,2026-05-30,21:00,60,Padel 4,40.0,frei,1
2026-05-29T19:31:01,2026-05-30,21:00,120,Padel 4,80.0,frei,1
2026-05-29T19:31:01,2026-05-30,21:30,90,Padel 4,60.0,frei,1
2026-05-29T19:31:01,2026-05-30,22:00,60,Padel 4,40.0,frei,1
2026-05-29T19:31:01,2026-05-31,08:00,60,Padel 3,40.0,frei,2
2026-05-29T19:31:01,2026-05-31,10:30,60,Padel 3,40.0,frei,2
2026-05-29T19:31:01,2026-05-31,10:30,90,Padel 3,60.0,frei,2
2026-05-29T19:31:01,2026-05-31,10:30,120,Padel 3,80.0,frei,2
2026-05-29T19:31:01,2026-05-31,11:30,60,Padel 3,40.0,frei,2
2026-05-29T19:31:01,2026-05-31,11:30,120,Padel 3,80.0,frei,2
2026-05-29T19:31:01,2026-05-31,12:00,90,Padel 3,60.0,frei,2
2026-05-29T19:31:01,2026-05-31,12:30,60,Padel 3,40.0,frei,2
2026-05-29T19:31:01,2026-05-31,15:30,90,Padel 3,60.0,frei,2
2026-05-29T19:31:01,2026-05-31,19:00,60,Padel 3,40.0,frei,2
2026-05-29T19:31:01,2026-05-31,19:00,90,Padel 3,60.0,frei,2
2026-05-29T19:31:01,2026-05-31,19:00,120,Padel 3,80.0,frei,2
2026-05-29T19:31:01,2026-05-31,20:00,60,Padel 3,40.0,frei,2
2026-05-29T19:31:01,2026-05-31,20:00,90,Padel 3,60.0,frei,2
2026-05-29T19:31:01,2026-05-31,20:00,120,Padel 3,80.0,frei,2
2026-05-29T19:31:01,2026-05-31,20:30,60,Padel 3,40.0,frei,2
2026-05-29T19:31:01,2026-05-31,20:30,90,Padel 3,60.0,frei,2
2026-05-29T19:31:01,2026-05-31,21:00,60,Padel 3,40.0,frei,2
2026-05-29T19:31:01,2026-05-31,21:00,120,Padel 3,80.0,frei,2
2026-05-29T19:31:01,2026-05-31,21:30,90,Padel 3,60.0,frei,2
2026-05-29T19:31:01,2026-05-31,22:00,60,Padel 3,40.0,frei,2
2026-05-29T19:31:01,2026-05-31,08:00,60,Padel 2,40.0,frei,2
2026-05-29T19:31:01,2026-05-31,08:00,90,Padel 2,60.0,frei,2
2026-05-29T19:31:01,2026-05-31,08:00,120,Padel 2,80.0,frei,2
2026-05-29T19:31:01,2026-05-31,08:30,60,Padel 2,40.0,frei,2
2026-05-29T19:31:01,2026-05-31,08:30,90,Padel 2,60.0,frei,2
2026-05-29T19:31:01,2026-05-31,09:00,60,Padel 2,40.0,frei,2
2026-05-29T19:31:01,2026-05-31,09:00,120,Padel 2,80.0,frei,2
2026-05-29T19:31:01,2026-05-31,09:30,90,Padel 2,60.0,frei,2
2026-05-29T19:31:01,2026-05-31,10:00,60,Padel 2,40.0,frei,2
2026-05-29T19:31:01,2026-05-31,12:30,60,Padel 2,40.0,frei,2
2026-05-29T19:31:01,2026-05-31,12:30,90,Padel 2,60.0,frei,2
2026-05-29T19:31:01,2026-05-31,12:30,120,Padel 2,80.0,frei,2
2026-05-29T19:31:01,2026-05-31,13:30,60,Padel 2,40.0,frei,2
2026-05-29T19:31:01,2026-05-31,13:30,90,Padel 2,60.0,frei,2
2026-05-29T19:31:01,2026-05-31,13:30,120,Padel 2,80.0,frei,2
2026-05-29T19:31:01,2026-05-31,14:00,60,Padel 2,40.0,frei,2
2026-05-29T19:31:01,2026-05-31,14:00,90,Padel 2,60.0,frei,2
2026-05-29T19:31:01,2026-05-31,14:00,120,Padel 2,80.0,frei,2
2026-05-29T19:31:01,2026-05-31,14:30,60,Padel 2,40.0,frei,2
2026-05-29T19:31:01,2026-05-31,14:30,90,Padel 2,60.0,frei,2
2026-05-29T19:31:01,2026-05-31,15:00,60,Padel 2,40.0,frei,2
2026-05-29T19:31:01,2026-05-31,15:00,120,Padel 2,80.0,frei,2
2026-05-29T19:31:01,2026-05-31,15:30,90,Padel 2,60.0,frei,2
2026-05-29T19:31:01,2026-05-31,16:00,60,Padel 2,40.0,frei,2
2026-05-29T19:31:01,2026-05-31,19:00,60,Padel 2,40.0,frei,2
2026-05-29T19:31:01,2026-05-31,19:00,90,Padel 2,60.0,frei,2
2026-05-29T19:31:01,2026-05-31,19:00,120,Padel 2,80.0,frei,2
2026-05-29T19:31:01,2026-05-31,20:00,60,Padel 2,40.0,frei,2
2026-05-29T19:31:01,2026-05-31,20:00,90,Padel 2,60.0,frei,2
2026-05-29T19:31:01,2026-05-31,20:00,120,Padel 2,80.0,frei,2
2026-05-29T19:31:01,2026-05-31,20:30,60,Padel 2,40.0,frei,2
2026-05-29T19:31:01,2026-05-31,20:30,90,Padel 2,60.0,frei,2
2026-05-29T19:31:01,2026-05-31,21:00,60,Padel 2,40.0,frei,2
2026-05-29T19:31:01,2026-05-31,21:00,120,Padel 2,80.0,frei,2
2026-05-29T19:31:01,2026-05-31,21:30,90,Padel 2,60.0,frei,2
2026-05-29T19:31:01,2026-05-31,22:00,60,Padel 2,40.0,frei,2
2026-05-29T19:31:01,2026-05-31,08:00,60,Padel 4,40.0,frei,2
2026-05-29T19:31:01,2026-05-31,08:00,90,Padel 4,60.0,frei,2
2026-05-29T19:31:01,2026-05-31,08:00,120,Padel 4,80.0,frei,2
2026-05-29T19:31:01,2026-05-31,08:30,60,Padel 4,40.0,frei,2
2026-05-29T19:31:01,2026-05-31,08:30,90,Padel 4,60.0,frei,2
2026-05-29T19:31:01,2026-05-31,08:30,120,Padel 4,80.0,frei,2
2026-05-29T19:31:01,2026-05-31,09:00,60,Padel 4,40.0,frei,2
2026-05-29T19:31:01,2026-05-31,09:00,90,Padel 4,60.0,frei,2
2026-05-29T19:31:01,2026-05-31,09:00,120,Padel 4,80.0,frei,2
2026-05-29T19:31:01,2026-05-31,09:30,60,Padel 4,40.0,frei,2
2026-05-29T19:31:01,2026-05-31,09:30,90,Padel 4,60.0,frei,2
2026-05-29T19:31:01,2026-05-31,09:30,120,Padel 4,80.0,frei,2
2026-05-29T19:31:01,2026-05-31,10:00,60,Padel 4,40.0,frei,2
2026-05-29T19:31:01,2026-05-31,10:00,90,Padel 4,60.0,frei,2
2026-05-29T19:31:01,2026-05-31,10:00,120,Padel 4,80.0,frei,2
2026-05-29T19:31:01,2026-05-31,10:30,60,Padel 4,40.0,frei,2
2026-05-29T19:31:01,2026-05-31,10:30,90,Padel 4,60.0,frei,2
2026-05-29T19:31:01,2026-05-31,10:30,120,Padel 4,80.0,frei,2
2026-05-29T19:31:01,2026-05-31,11:00,60,Padel 4,40.0,frei,2
2026-05-29T19:31:01,2026-05-31,11:00,90,Padel 4,60.0,frei,2
2026-05-29T19:31:01,2026-05-31,11:00,120,Padel 4,80.0,frei,2
2026-05-29T19:31:01,2026-05-31,11:30,60,Padel 4,40.0,frei,2
2026-05-29T19:31:01,2026-05-31,11:30,90,Padel 4,60.0,frei,2
2026-05-29T19:31:01,2026-05-31,11:30,120,Padel 4,80.0,frei,2
2026-05-29T19:31:01,2026-05-31,12:00,60,Padel 4,40.0,frei,2
2026-05-29T19:31:01,2026-05-31,12:00,90,Padel 4,60.0,frei,2
2026-05-29T19:31:01,2026-05-31,12:00,120,Padel 4,80.0,frei,2
2026-05-29T19:31:01,2026-05-31,12:30,60,Padel 4,40.0,frei,2
2026-05-29T19:31:01,2026-05-31,12:30,90,Padel 4,60.0,frei,2
2026-05-29T19:31:01,2026-05-31,12:30,120,Padel 4,80.0,frei,2
2026-05-29T19:31:01,2026-05-31,13:00,60,Padel 4,40.0,frei,2
2026-05-29T19:31:01,2026-05-31,13:00,90,Padel 4,60.0,frei,2
2026-05-29T19:31:01,2026-05-31,13:00,120,Padel 4,80.0,frei,2
2026-05-29T19:31:01,2026-05-31,13:30,60,Padel 4,40.0,frei,2
2026-05-29T19:31:01,2026-05-31,13:30,90,Padel 4,60.0,frei,2
2026-05-29T19:31:01,2026-05-31,13:30,120,Padel 4,80.0,frei,2
2026-05-29T19:31:01,2026-05-31,14:00,60,Padel 4,40.0,frei,2
2026-05-29T19:31:01,2026-05-31,14:00,90,Padel 4,60.0,frei,2
2026-05-29T19:31:01,2026-05-31,14:00,120,Padel 4,80.0,frei,2
2026-05-29T19:31:01,2026-05-31,14:30,60,Padel 4,40.0,frei,2
2026-05-29T19:31:01,2026-05-31,14:30,90,Padel 4,60.0,frei,2
2026-05-29T19:31:01,2026-05-31,15:00,60,Padel 4,40.0,frei,2
2026-05-29T19:31:01,2026-05-31,15:00,120,Padel 4,80.0,frei,2
2026-05-29T19:31:01,2026-05-31,15:30,90,Padel 4,60.0,frei,2
2026-05-29T19:31:01,2026-05-31,16:00,60,Padel 4,40.0,frei,2
2026-05-29T19:31:01,2026-05-31,20:30,60,Padel 4,40.0,frei,2
2026-05-29T19:31:01,2026-05-31,20:30,90,Padel 4,60.0,frei,2
2026-05-29T19:31:01,2026-05-31,21:30,90,Padel 4,60.0,frei,2
2026-05-29T19:31:01,2026-05-31,22:00,60,Padel 4,40.0,frei,2
2026-05-29T19:31:01,2026-05-31,08:00,60,Padel 1,40.0,frei,2
2026-05-29T19:31:01,2026-05-31,08:00,90,Padel 1,60.0,frei,2
2026-05-29T19:31:01,2026-05-31,08:00,120,Padel 1,80.0,frei,2
2026-05-29T19:31:01,2026-05-31,08:30,60,Padel 1,40.0,frei,2
2026-05-29T19:31:01,2026-05-31,08:30,90,Padel 1,60.0,frei,2
2026-05-29T19:31:01,2026-05-31,09:00,60,Padel 1,40.0,frei,2
2026-05-29T19:31:01,2026-05-31,09:00,120,Padel 1,80.0,frei,2
2026-05-29T19:31:01,2026-05-31,09:30,90,Padel 1,60.0,frei,2
2026-05-29T19:31:01,2026-05-31,10:00,60,Padel 1,40.0,frei,2
2026-05-29T19:31:01,2026-05-31,13:00,60,Padel 1,40.0,frei,2
2026-05-29T19:31:01,2026-05-31,15:30,60,Padel 1,40.0,frei,2
2026-05-29T19:31:01,2026-05-31,15:30,90,Padel 1,60.0,frei,2
2026-05-29T19:31:01,2026-05-31,15:30,120,Padel 1,80.0,frei,2
2026-05-29T19:31:01,2026-05-31,16:30,60,Padel 1,40.0,frei,2
2026-05-29T19:31:01,2026-05-31,16:30,90,Padel 1,60.0,frei,2
2026-05-29T19:31:01,2026-05-31,16:30,120,Padel 1,80.0,frei,2
2026-05-29T19:31:01,2026-05-31,17:00,60,Padel 1,40.0,frei,2
2026-05-29T19:31:01,2026-05-31,17:00,90,Padel 1,60.0,frei,2
2026-05-29T19:31:01,2026-05-31,17:00,120,Padel 1,80.0,frei,2
2026-05-29T19:31:01,2026-05-31,17:30,60,Padel 1,40.0,frei,2
2026-05-29T19:31:01,2026-05-31,17:30,90,Padel 1,60.0,frei,2
2026-05-29T19:31:01,2026-05-31,17:30,120,Padel 1,80.0,frei,2
2026-05-29T19:31:01,2026-05-31,18:00,60,Padel 1,40.0,frei,2
2026-05-29T19:31:01,2026-05-31,18:00,90,Padel 1,60.0,frei,2
2026-05-29T19:31:01,2026-05-31,18:00,120,Padel 1,80.0,frei,2
2026-05-29T19:31:01,2026-05-31,18:30,60,Padel 1,40.0,frei,2
2026-05-29T19:31:01,2026-05-31,18:30,90,Padel 1,60.0,frei,2
2026-05-29T19:31:01,2026-05-31,18:30,120,Padel 1,80.0,frei,2
2026-05-29T19:31:01,2026-05-31,19:00,60,Padel 1,40.0,frei,2
2026-05-29T19:31:01,2026-05-31,19:00,90,Padel 1,60.0,frei,2
2026-05-29T19:31:01,2026-05-31,19:00,120,Padel 1,80.0,frei,2
2026-05-29T19:31:01,2026-05-31,19:30,60,Padel 1,40.0,frei,2
2026-05-29T19:31:01,2026-05-31,19:30,90,Padel 1,60.0,frei,2
2026-05-29T19:31:01,2026-05-31,19:30,120,Padel 1,80.0,frei,2
2026-05-29T19:31:01,2026-05-31,20:00,60,Padel 1,40.0,frei,2
2026-05-29T19:31:01,2026-05-31,20:00,90,Padel 1,60.0,frei,2
2026-05-29T19:31:01,2026-05-31,20:00,120,Padel 1,80.0,frei,2
2026-05-29T19:31:01,2026-05-31,20:30,60,Padel 1,40.0,frei,2
2026-05-29T19:31:01,2026-05-31,20:30,90,Padel 1,60.0,frei,2
2026-05-29T19:31:01,2026-05-31,21:00,60,Padel 1,40.0,frei,2
2026-05-29T19:31:01,2026-05-31,21:00,120,Padel 1,80.0,frei,2
2026-05-29T19:31:01,2026-05-31,21:30,90,Padel 1,60.0,frei,2
2026-05-29T19:31:01,2026-05-31,22:00,60,Padel 1,40.0,frei,2
2026-05-29T19:31:01,2026-06-01,08:00,60,Padel 3,24.0,frei,3
2026-05-29T19:31:01,2026-06-01,08:00,90,Padel 3,36.0,frei,3
2026-05-29T19:31:01,2026-06-01,08:00,120,Padel 3,48.0,frei,3
2026-05-29T19:31:01,2026-06-01,08:30,60,Padel 3,24.0,frei,3
2026-05-29T19:31:01,2026-06-01,08:30,90,Padel 3,36.0,frei,3
2026-05-29T19:31:01,2026-06-01,08:30,120,Padel 3,48.0,frei,3
2026-05-29T19:31:01,2026-06-01,09:00,60,Padel 3,24.0,frei,3
2026-05-29T19:31:01,2026-06-01,09:00,90,Padel 3,36.0,frei,3
2026-05-29T19:31:01,2026-06-01,09:00,120,Padel 3,48.0,frei,3
2026-05-29T19:31:01,2026-06-01,09:30,60,Padel 3,24.0,frei,3
2026-05-29T19:31:01,2026-06-01,09:30,90,Padel 3,36.0,frei,3
2026-05-29T19:31:01,2026-06-01,09:30,120,Padel 3,48.0,frei,3
2026-05-29T19:31:01,2026-06-01,10:00,60,Padel 3,24.0,frei,3
2026-05-29T19:31:01,2026-06-01,10:00,90,Padel 3,36.0,frei,3
2026-05-29T19:31:01,2026-06-01,10:00,120,Padel 3,48.0,frei,3
2026-05-29T19:31:01,2026-06-01,10:30,60,Padel 3,24.0,frei,3
2026-05-29T19:31:01,2026-06-01,10:30,90,Padel 3,36.0,frei,3
2026-05-29T19:31:01,2026-06-01,10:30,120,Padel 3,48.0,frei,3
2026-05-29T19:31:01,2026-06-01,11:00,60,Padel 3,24.0,frei,3
2026-05-29T19:31:01,2026-06-01,11:00,90,Padel 3,36.0,frei,3
2026-05-29T19:31:01,2026-06-01,11:00,120,Padel 3,48.0,frei,3
2026-05-29T19:31:01,2026-06-01,11:30,60,Padel 3,24.0,frei,3
2026-05-29T19:31:01,2026-06-01,11:30,90,Padel 3,36.0,frei,3
2026-05-29T19:31:01,2026-06-01,11:30,120,Padel 3,48.0,frei,3
2026-05-29T19:31:01,2026-06-01,12:00,60,Padel 3,24.0,frei,3
2026-05-29T19:31:01,2026-06-01,12:00,90,Padel 3,36.0,frei,3
2026-05-29T19:31:01,2026-06-01,12:00,120,Padel 3,48.0,frei,3
2026-05-29T19:31:01,2026-06-01,12:30,60,Padel 3,24.0,frei,3
2026-05-29T19:31:01,2026-06-01,12:30,90,Padel 3,36.0,frei,3
2026-05-29T19:31:01,2026-06-01,12:30,120,Padel 3,48.0,frei,3
2026-05-29T19:31:01,2026-06-01,13:00,60,Padel 3,24.0,frei,3
2026-05-29T19:31:01,2026-06-01,13:00,90,Padel 3,36.0,frei,3
2026-05-29T19:31:01,2026-06-01,13:00,120,Padel 3,48.0,frei,3
2026-05-29T19:31:01,2026-06-01,13:30,60,Padel 3,24.0,frei,3
2026-05-29T19:31:01,2026-06-01,13:30,90,Padel 3,36.0,frei,3
2026-05-29T19:31:01,2026-06-01,13:30,120,Padel 3,48.0,frei,3
2026-05-29T19:31:01,2026-06-01,14:00,60,Padel 3,24.0,frei,3
2026-05-29T19:31:01,2026-06-01,14:00,90,Padel 3,36.0,frei,3
2026-05-29T19:31:01,2026-06-01,14:00,120,Padel 3,48.0,frei,3
2026-05-29T19:31:01,2026-06-01,14:30,60,Padel 3,24.0,frei,3
2026-05-29T19:31:01,2026-06-01,14:30,90,Padel 3,36.0,frei,3
2026-05-29T19:31:01,2026-06-01,14:30,120,Padel 3,56.0,frei,3
2026-05-29T19:31:01,2026-06-01,15:00,60,Padel 3,24.0,frei,3
2026-05-29T19:31:01,2026-06-01,15:00,90,Padel 3,44.0,frei,3
2026-05-29T19:31:01,2026-06-01,15:30,60,Padel 3,32.0,frei,3
2026-05-29T19:31:01,2026-06-01,15:30,120,Padel 3,72.0,frei,3
2026-05-29T19:31:01,2026-06-01,16:00,90,Padel 3,60.0,frei,3
2026-05-29T19:31:01,2026-06-01,16:30,60,Padel 3,40.0,frei,3
2026-05-29T19:31:01,2026-06-01,20:30,60,Padel 3,40.0,frei,3
2026-05-29T19:31:01,2026-06-01,20:30,90,Padel 3,60.0,frei,3
2026-05-29T19:31:01,2026-06-01,21:30,90,Padel 3,60.0,frei,3
2026-05-29T19:31:01,2026-06-01,22:00,60,Padel 3,40.0,frei,3
2026-05-29T19:31:01,2026-06-01,08:00,60,Padel 2,24.0,frei,3
2026-05-29T19:31:01,2026-06-01,08:00,90,Padel 2,36.0,frei,3
2026-05-29T19:31:01,2026-06-01,08:00,120,Padel 2,48.0,frei,3
2026-05-29T19:31:01,2026-06-01,08:30,60,Padel 2,24.0,frei,3
2026-05-29T19:31:01,2026-06-01,08:30,90,Padel 2,36.0,frei,3
2026-05-29T19:31:01,2026-06-01,08:30,120,Padel 2,48.0,frei,3
2026-05-29T19:31:01,2026-06-01,09:00,60,Padel 2,24.0,frei,3
2026-05-29T19:31:01,2026-06-01,09:00,90,Padel 2,36.0,frei,3
2026-05-29T19:31:01,2026-06-01,09:00,120,Padel 2,48.0,frei,3
2026-05-29T19:31:01,2026-06-01,09:30,60,Padel 2,24.0,frei,3
2026-05-29T19:31:01,2026-06-01,09:30,90,Padel 2,36.0,frei,3
2026-05-29T19:31:01,2026-06-01,09:30,120,Padel 2,48.0,frei,3
2026-05-29T19:31:01,2026-06-01,10:00,60,Padel 2,24.0,frei,3
2026-05-29T19:31:01,2026-06-01,10:00,90,Padel 2,36.0,frei,3
2026-05-29T19:31:01,2026-06-01,10:00,120,Padel 2,48.0,frei,3
2026-05-29T19:31:01,2026-06-01,10:30,60,Padel 2,24.0,frei,3
2026-05-29T19:31:01,2026-06-01,10:30,90,Padel 2,36.0,frei,3
2026-05-29T19:31:01,2026-06-01,10:30,120,Padel 2,48.0,frei,3
2026-05-29T19:31:01,2026-06-01,11:00,60,Padel 2,24.0,frei,3
2026-05-29T19:31:01,2026-06-01,11:00,90,Padel 2,36.0,frei,3
2026-05-29T19:31:01,2026-06-01,11:00,120,Padel 2,48.0,frei,3
2026-05-29T19:31:01,2026-06-01,11:30,60,Padel 2,24.0,frei,3
2026-05-29T19:31:01,2026-06-01,11:30,90,Padel 2,36.0,frei,3
2026-05-29T19:31:01,2026-06-01,11:30,120,Padel 2,48.0,frei,3
2026-05-29T19:31:01,2026-06-01,12:00,60,Padel 2,24.0,frei,3
2026-05-29T19:31:01,2026-06-01,12:00,90,Padel 2,36.0,frei,3
2026-05-29T19:31:01,2026-06-01,12:00,120,Padel 2,48.0,frei,3
2026-05-29T19:31:01,2026-06-01,12:30,60,Padel 2,24.0,frei,3
2026-05-29T19:31:01,2026-06-01,12:30,90,Padel 2,36.0,frei,3
2026-05-29T19:31:01,2026-06-01,12:30,120,Padel 2,48.0,frei,3
2026-05-29T19:31:01,2026-06-01,13:00,60,Padel 2,24.0,frei,3
2026-05-29T19:31:01,2026-06-01,13:00,90,Padel 2,36.0,frei,3
2026-05-29T19:31:01,2026-06-01,13:00,120,Padel 2,48.0,frei,3
2026-05-29T19:31:01,2026-06-01,13:30,60,Padel 2,24.0,frei,3
2026-05-29T19:31:01,2026-06-01,13:30,90,Padel 2,36.0,frei,3
2026-05-29T19:31:01,2026-06-01,13:30,120,Padel 2,48.0,frei,3
2026-05-29T19:31:01,2026-06-01,14:00,60,Padel 2,24.0,frei,3
2026-05-29T19:31:01,2026-06-01,14:00,90,Padel 2,36.0,frei,3
2026-05-29T19:31:01,2026-06-01,14:00,120,Padel 2,48.0,frei,3
2026-05-29T19:31:01,2026-06-01,14:30,60,Padel 2,24.0,frei,3
2026-05-29T19:31:01,2026-06-01,14:30,90,Padel 2,36.0,frei,3
2026-05-29T19:31:01,2026-06-01,14:30,120,Padel 2,56.0,frei,3
2026-05-29T19:31:01,2026-06-01,15:00,60,Padel 2,24.0,frei,3
2026-05-29T19:31:01,2026-06-01,15:00,90,Padel 2,44.0,frei,3
2026-05-29T19:31:01,2026-06-01,15:00,120,Padel 2,64.0,frei,3
2026-05-29T19:31:01,2026-06-01,15:30,60,Padel 2,32.0,frei,3
2026-05-29T19:31:01,2026-06-01,15:30,90,Padel 2,52.0,frei,3
2026-05-29T19:31:01,2026-06-01,15:30,120,Padel 2,72.0,frei,3
2026-05-29T19:31:01,2026-06-01,16:00,60,Padel 2,40.0,frei,3
2026-05-29T19:31:01,2026-06-01,16:00,90,Padel 2,60.0,frei,3
2026-05-29T19:31:01,2026-06-01,16:00,120,Padel 2,80.0,frei,3
2026-05-29T19:31:01,2026-06-01,16:30,60,Padel 2,40.0,frei,3
2026-05-29T19:31:01,2026-06-01,16:30,90,Padel 2,60.0,frei,3
2026-05-29T19:31:01,2026-06-01,16:30,120,Padel 2,80.0,frei,3
2026-05-29T19:31:01,2026-06-01,17:00,60,Padel 2,40.0,frei,3
2026-05-29T19:31:01,2026-06-01,17:00,90,Padel 2,60.0,frei,3
2026-05-29T19:31:01,2026-06-01,17:00,120,Padel 2,80.0,frei,3
2026-05-29T19:31:01,2026-06-01,17:30,60,Padel 2,40.0,frei,3
2026-05-29T19:31:01,2026-06-01,17:30,90,Padel 2,60.0,frei,3
2026-05-29T19:31:01,2026-06-01,17:30,120,Padel 2,80.0,frei,3
2026-05-29T19:31:01,2026-06-01,18:00,60,Padel 2,40.0,frei,3
2026-05-29T19:31:01,2026-06-01,18:00,90,Padel 2,60.0,frei,3
2026-05-29T19:31:01,2026-06-01,18:00,120,Padel 2,80.0,frei,3
2026-05-29T19:31:01,2026-06-01,18:30,60,Padel 2,40.0,frei,3
2026-05-29T19:31:01,2026-06-01,18:30,90,Padel 2,60.0,frei,3
2026-05-29T19:31:01,2026-06-01,18:30,120,Padel 2,80.0,frei,3
2026-05-29T19:31:01,2026-06-01,19:00,60,Padel 2,40.0,frei,3
2026-05-29T19:31:01,2026-06-01,19:00,90,Padel 2,60.0,frei,3
2026-05-29T19:31:01,2026-06-01,19:00,120,Padel 2,80.0,frei,3
2026-05-29T19:31:01,2026-06-01,19:30,60,Padel 2,40.0,frei,3
2026-05-29T19:31:01,2026-06-01,19:30,90,Padel 2,60.0,frei,3
2026-05-29T19:31:01,2026-06-01,19:30,120,Padel 2,80.0,frei,3
2026-05-29T19:31:01,2026-06-01,20:00,60,Padel 2,40.0,frei,3
2026-05-29T19:31:01,2026-06-01,20:00,90,Padel 2,60.0,frei,3
2026-05-29T19:31:01,2026-06-01,20:00,120,Padel 2,80.0,frei,3
2026-05-29T19:31:01,2026-06-01,20:30,60,Padel 2,40.0,frei,3
2026-05-29T19:31:01,2026-06-01,20:30,90,Padel 2,60.0,frei,3
2026-05-29T19:31:01,2026-06-01,21:00,60,Padel 2,40.0,frei,3
2026-05-29T19:31:01,2026-06-01,21:00,120,Padel 2,80.0,frei,3
2026-05-29T19:31:01,2026-06-01,21:30,90,Padel 2,60.0,frei,3
2026-05-29T19:31:01,2026-06-01,22:00,60,Padel 2,40.0,frei,3
2026-05-29T19:31:01,2026-06-01,08:00,60,Padel 4,24.0,frei,3
2026-05-29T19:31:01,2026-06-01,08:00,90,Padel 4,36.0,frei,3
2026-05-29T19:31:01,2026-06-01,08:00,120,Padel 4,48.0,frei,3
2026-05-29T19:31:01,2026-06-01,08:30,60,Padel 4,24.0,frei,3
2026-05-29T19:31:01,2026-06-01,08:30,90,Padel 4,36.0,frei,3
2026-05-29T19:31:01,2026-06-01,08:30,120,Padel 4,48.0,frei,3
2026-05-29T19:31:01,2026-06-01,09:00,60,Padel 4,24.0,frei,3
2026-05-29T19:31:01,2026-06-01,09:00,90,Padel 4,36.0,frei,3
2026-05-29T19:31:01,2026-06-01,09:00,120,Padel 4,48.0,frei,3
2026-05-29T19:31:01,2026-06-01,09:30,60,Padel 4,24.0,frei,3
2026-05-29T19:31:01,2026-06-01,09:30,90,Padel 4,36.0,frei,3
2026-05-29T19:31:01,2026-06-01,09:30,120,Padel 4,48.0,frei,3
2026-05-29T19:31:01,2026-06-01,10:00,60,Padel 4,24.0,frei,3
2026-05-29T19:31:01,2026-06-01,10:00,90,Padel 4,36.0,frei,3
2026-05-29T19:31:01,2026-06-01,10:00,120,Padel 4,48.0,frei,3
2026-05-29T19:31:01,2026-06-01,10:30,60,Padel 4,24.0,frei,3
2026-05-29T19:31:01,2026-06-01,10:30,90,Padel 4,36.0,frei,3
2026-05-29T19:31:01,2026-06-01,10:30,120,Padel 4,48.0,frei,3
2026-05-29T19:31:01,2026-06-01,11:00,60,Padel 4,24.0,frei,3
2026-05-29T19:31:01,2026-06-01,11:00,90,Padel 4,36.0,frei,3
2026-05-29T19:31:01,2026-06-01,11:00,120,Padel 4,48.0,frei,3
2026-05-29T19:31:01,2026-06-01,11:30,60,Padel 4,24.0,frei,3
2026-05-29T19:31:01,2026-06-01,11:30,90,Padel 4,36.0,frei,3
2026-05-29T19:31:01,2026-06-01,11:30,120,Padel 4,48.0,frei,3
2026-05-29T19:31:01,2026-06-01,12:00,60,Padel 4,24.0,frei,3
2026-05-29T19:31:01,2026-06-01,12:00,90,Padel 4,36.0,frei,3
2026-05-29T19:31:01,2026-06-01,12:00,120,Padel 4,48.0,frei,3
2026-05-29T19:31:01,2026-06-01,12:30,60,Padel 4,24.0,frei,3
2026-05-29T19:31:01,2026-06-01,12:30,90,Padel 4,36.0,frei,3
2026-05-29T19:31:01,2026-06-01,12:30,120,Padel 4,48.0,frei,3
2026-05-29T19:31:01,2026-06-01,13:00,60,Padel 4,24.0,frei,3
2026-05-29T19:31:01,2026-06-01,13:00,90,Padel 4,36.0,frei,3
2026-05-29T19:31:01,2026-06-01,13:00,120,Padel 4,48.0,frei,3
2026-05-29T19:31:01,2026-06-01,13:30,60,Padel 4,24.0,frei,3
2026-05-29T19:31:01,2026-06-01,13:30,90,Padel 4,36.0,frei,3
2026-05-29T19:31:01,2026-06-01,13:30,120,Padel 4,48.0,frei,3
2026-05-29T19:31:01,2026-06-01,14:00,60,Padel 4,24.0,frei,3
2026-05-29T19:31:01,2026-06-01,14:00,90,Padel 4,36.0,frei,3
2026-05-29T19:31:01,2026-06-01,14:00,120,Padel 4,48.0,frei,3
2026-05-29T19:31:01,2026-06-01,14:30,60,Padel 4,24.0,frei,3
2026-05-29T19:31:01,2026-06-01,14:30,90,Padel 4,36.0,frei,3
2026-05-29T19:31:01,2026-06-01,14:30,120,Padel 4,56.0,frei,3
2026-05-29T19:31:01,2026-06-01,15:00,60,Padel 4,24.0,frei,3
2026-05-29T19:31:01,2026-06-01,15:00,90,Padel 4,44.0,frei,3
2026-05-29T19:31:01,2026-06-01,15:00,120,Padel 4,64.0,frei,3
2026-05-29T19:31:01,2026-06-01,15:30,60,Padel 4,32.0,frei,3
2026-05-29T19:31:01,2026-06-01,15:30,90,Padel 4,52.0,frei,3
2026-05-29T19:31:01,2026-06-01,15:30,120,Padel 4,72.0,frei,3
2026-05-29T19:31:01,2026-06-01,16:00,60,Padel 4,40.0,frei,3
2026-05-29T19:31:01,2026-06-01,16:00,90,Padel 4,60.0,frei,3
2026-05-29T19:31:01,2026-06-01,16:00,120,Padel 4,80.0,frei,3
2026-05-29T19:31:01,2026-06-01,16:30,60,Padel 4,40.0,frei,3
2026-05-29T19:31:01,2026-06-01,16:30,90,Padel 4,60.0,frei,3
2026-05-29T19:31:01,2026-06-01,16:30,120,Padel 4,80.0,frei,3
2026-05-29T19:31:01,2026-06-01,17:00,60,Padel 4,40.0,frei,3
2026-05-29T19:31:01,2026-06-01,17:00,90,Padel 4,60.0,frei,3
2026-05-29T19:31:01,2026-06-01,17:00,120,Padel 4,80.0,frei,3
2026-05-29T19:31:01,2026-06-01,17:30,60,Padel 4,40.0,frei,3
2026-05-29T19:31:01,2026-06-01,17:30,90,Padel 4,60.0,frei,3
2026-05-29T19:31:01,2026-06-01,17:30,120,Padel 4,80.0,frei,3
2026-05-29T19:31:01,2026-06-01,18:00,60,Padel 4,40.0,frei,3
2026-05-29T19:31:01,2026-06-01,18:00,90,Padel 4,60.0,frei,3
2026-05-29T19:31:01,2026-06-01,18:00,120,Padel 4,80.0,frei,3
2026-05-29T19:31:01,2026-06-01,18:30,60,Padel 4,40.0,frei,3
2026-05-29T19:31:01,2026-06-01,18:30,90,Padel 4,60.0,frei,3
2026-05-29T19:31:01,2026-06-01,18:30,120,Padel 4,80.0,frei,3
2026-05-29T19:31:01,2026-06-01,19:00,60,Padel 4,40.0,frei,3
2026-05-29T19:31:01,2026-06-01,19:00,90,Padel 4,60.0,frei,3
2026-05-29T19:31:01,2026-06-01,19:00,120,Padel 4,80.0,frei,3
2026-05-29T19:31:01,2026-06-01,19:30,60,Padel 4,40.0,frei,3
2026-05-29T19:31:01,2026-06-01,19:30,90,Padel 4,60.0,frei,3
2026-05-29T19:31:01,2026-06-01,19:30,120,Padel 4,80.0,frei,3
2026-05-29T19:31:01,2026-06-01,20:00,60,Padel 4,40.0,frei,3
2026-05-29T19:31:01,2026-06-01,20:00,90,Padel 4,60.0,frei,3
2026-05-29T19:31:01,2026-06-01,20:00,120,Padel 4,80.0,frei,3
2026-05-29T19:31:01,2026-06-01,20:30,60,Padel 4,40.0,frei,3
2026-05-29T19:31:01,2026-06-01,20:30,90,Padel 4,60.0,frei,3
2026-05-29T19:31:01,2026-06-01,21:00,60,Padel 4,40.0,frei,3
2026-05-29T19:31:01,2026-06-01,21:00,120,Padel 4,80.0,frei,3
2026-05-29T19:31:01,2026-06-01,21:30,90,Padel 4,60.0,frei,3
2026-05-29T19:31:01,2026-06-01,22:00,60,Padel 4,40.0,frei,3
2026-05-29T19:31:01,2026-06-01,08:00,60,Padel 1,24.0,frei,3
2026-05-29T19:31:01,2026-06-01,08:00,90,Padel 1,36.0,frei,3
2026-05-29T19:31:01,2026-06-01,08:00,120,Padel 1,48.0,frei,3
2026-05-29T19:31:01,2026-06-01,08:30,60,Padel 1,24.0,frei,3
2026-05-29T19:31:01,2026-06-01,08:30,90,Padel 1,36.0,frei,3
2026-05-29T19:31:01,2026-06-01,08:30,120,Padel 1,48.0,frei,3
2026-05-29T19:31:01,2026-06-01,09:00,60,Padel 1,24.0,frei,3
2026-05-29T19:31:01,2026-06-01,09:00,90,Padel 1,36.0,frei,3
2026-05-29T19:31:01,2026-06-01,09:00,120,Padel 1,48.0,frei,3
2026-05-29T19:31:01,2026-06-01,09:30,60,Padel 1,24.0,frei,3
2026-05-29T19:31:01,2026-06-01,09:30,90,Padel 1,36.0,frei,3
2026-05-29T19:31:01,2026-06-01,09:30,120,Padel 1,48.0,frei,3
2026-05-29T19:31:01,2026-06-01,10:00,60,Padel 1,24.0,frei,3
2026-05-29T19:31:01,2026-06-01,10:00,90,Padel 1,36.0,frei,3
2026-05-29T19:31:01,2026-06-01,10:00,120,Padel 1,48.0,frei,3
2026-05-29T19:31:01,2026-06-01,10:30,60,Padel 1,24.0,frei,3
2026-05-29T19:31:01,2026-06-01,10:30,90,Padel 1,36.0,frei,3
2026-05-29T19:31:01,2026-06-01,10:30,120,Padel 1,48.0,frei,3
2026-05-29T19:31:01,2026-06-01,11:00,60,Padel 1,24.0,frei,3
2026-05-29T19:31:01,2026-06-01,11:00,90,Padel 1,36.0,frei,3
2026-05-29T19:31:01,2026-06-01,11:00,120,Padel 1,48.0,frei,3
2026-05-29T19:31:01,2026-06-01,11:30,60,Padel 1,24.0,frei,3
2026-05-29T19:31:01,2026-06-01,11:30,90,Padel 1,36.0,frei,3
2026-05-29T19:31:01,2026-06-01,12:00,60,Padel 1,24.0,frei,3
2026-05-29T19:31:01,2026-06-01,12:00,120,Padel 1,48.0,frei,3
2026-05-29T19:31:01,2026-06-01,12:30,90,Padel 1,36.0,frei,3
2026-05-29T19:31:01,2026-06-01,13:00,60,Padel 1,24.0,frei,3
2026-05-29T19:31:01,2026-06-01,15:30,60,Padel 1,32.0,frei,3
2026-05-29T19:31:01,2026-06-01,15:30,90,Padel 1,52.0,frei,3
2026-05-29T19:31:01,2026-06-01,15:30,120,Padel 1,72.0,frei,3
2026-05-29T19:31:01,2026-06-01,16:30,60,Padel 1,40.0,frei,3
2026-05-29T19:31:01,2026-06-01,16:30,90,Padel 1,60.0,frei,3
2026-05-29T19:31:01,2026-06-01,16:30,120,Padel 1,80.0,frei,3
2026-05-29T19:31:01,2026-06-01,17:00,60,Padel 1,40.0,frei,3
2026-05-29T19:31:01,2026-06-01,17:00,90,Padel 1,60.0,frei,3
2026-05-29T19:31:01,2026-06-01,17:30,60,Padel 1,40.0,frei,3
2026-05-29T19:31:01,2026-06-01,17:30,120,Padel 1,80.0,frei,3
2026-05-29T19:31:01,2026-06-01,18:00,90,Padel 1,60.0,frei,3
2026-05-29T19:31:01,2026-06-01,18:30,60,Padel 1,40.0,frei,3
2026-05-29T19:31:01,2026-06-01,20:30,60,Padel 1,40.0,frei,3
2026-05-29T19:31:01,2026-06-01,20:30,90,Padel 1,60.0,frei,3
2026-05-29T19:31:01,2026-06-01,21:30,90,Padel 1,60.0,frei,3
2026-05-29T19:31:01,2026-06-01,22:00,60,Padel 1,40.0,frei,3
2026-05-29T19:31:01,2026-06-02,08:00,60,Padel 3,24.0,frei,4
2026-05-29T19:31:01,2026-06-02,08:00,90,Padel 3,36.0,frei,4
2026-05-29T19:31:01,2026-06-02,08:00,120,Padel 3,48.0,frei,4
2026-05-29T19:31:01,2026-06-02,08:30,60,Padel 3,24.0,frei,4
2026-05-29T19:31:01,2026-06-02,08:30,90,Padel 3,36.0,frei,4
2026-05-29T19:31:01,2026-06-02,08:30,120,Padel 3,48.0,frei,4
2026-05-29T19:31:01,2026-06-02,09:00,60,Padel 3,24.0,frei,4
2026-05-29T19:31:01,2026-06-02,09:00,90,Padel 3,36.0,frei,4
2026-05-29T19:31:01,2026-06-02,09:00,120,Padel 3,48.0,frei,4
2026-05-29T19:31:01,2026-06-02,09:30,60,Padel 3,24.0,frei,4
2026-05-29T19:31:01,2026-06-02,09:30,90,Padel 3,36.0,frei,4
2026-05-29T19:31:01,2026-06-02,09:30,120,Padel 3,48.0,frei,4
2026-05-29T19:31:01,2026-06-02,10:00,60,Padel 3,24.0,frei,4
2026-05-29T19:31:01,2026-06-02,10:00,90,Padel 3,36.0,frei,4
2026-05-29T19:31:01,2026-06-02,10:00,120,Padel 3,48.0,frei,4
2026-05-29T19:31:01,2026-06-02,10:30,60,Padel 3,24.0,frei,4
2026-05-29T19:31:01,2026-06-02,10:30,90,Padel 3,36.0,frei,4
2026-05-29T19:31:01,2026-06-02,10:30,120,Padel 3,48.0,frei,4
2026-05-29T19:31:01,2026-06-02,11:00,60,Padel 3,24.0,frei,4
2026-05-29T19:31:01,2026-06-02,11:00,90,Padel 3,36.0,frei,4
2026-05-29T19:31:01,2026-06-02,11:00,120,Padel 3,48.0,frei,4
2026-05-29T19:31:01,2026-06-02,11:30,60,Padel 3,24.0,frei,4
2026-05-29T19:31:01,2026-06-02,11:30,90,Padel 3,36.0,frei,4
2026-05-29T19:31:01,2026-06-02,11:30,120,Padel 3,48.0,frei,4
2026-05-29T19:31:01,2026-06-02,12:00,60,Padel 3,24.0,frei,4
2026-05-29T19:31:01,2026-06-02,12:00,90,Padel 3,36.0,frei,4
2026-05-29T19:31:01,2026-06-02,12:30,60,Padel 3,24.0,frei,4
2026-05-29T19:31:01,2026-06-02,12:30,120,Padel 3,48.0,frei,4
2026-05-29T19:31:01,2026-06-02,13:00,90,Padel 3,36.0,frei,4
2026-05-29T19:31:01,2026-06-02,13:30,60,Padel 3,24.0,frei,4
2026-05-29T19:31:01,2026-06-02,15:30,60,Padel 3,32.0,frei,4
2026-05-29T19:31:01,2026-06-02,15:30,90,Padel 3,52.0,frei,4
2026-05-29T19:31:01,2026-06-02,15:30,120,Padel 3,72.0,frei,4
2026-05-29T19:31:01,2026-06-02,16:30,60,Padel 3,40.0,frei,4
2026-05-29T19:31:01,2026-06-02,16:30,90,Padel 3,60.0,frei,4
2026-05-29T19:31:01,2026-06-02,16:30,120,Padel 3,80.0,frei,4
2026-05-29T19:31:01,2026-06-02,17:00,60,Padel 3,40.0,frei,4
2026-05-29T19:31:01,2026-06-02,17:00,90,Padel 3,60.0,frei,4
2026-05-29T19:31:01,2026-06-02,17:00,120,Padel 3,80.0,frei,4
2026-05-29T19:31:01,2026-06-02,17:30,60,Padel 3,40.0,frei,4
2026-05-29T19:31:01,2026-06-02,17:30,90,Padel 3,60.0,frei,4
2026-05-29T19:31:01,2026-06-02,17:30,120,Padel 3,80.0,frei,4
2026-05-29T19:31:01,2026-06-02,18:00,60,Padel 3,40.0,frei,4
2026-05-29T19:31:01,2026-06-02,18:00,90,Padel 3,60.0,frei,4
2026-05-29T19:31:01,2026-06-02,18:00,120,Padel 3,80.0,frei,4
2026-05-29T19:31:01,2026-06-02,18:30,60,Padel 3,40.0,frei,4
2026-05-29T19:31:01,2026-06-02,18:30,90,Padel 3,60.0,frei,4
2026-05-29T19:31:01,2026-06-02,18:30,120,Padel 3,80.0,frei,4
2026-05-29T19:31:01,2026-06-02,19:00,60,Padel 3,40.0,frei,4
2026-05-29T19:31:01,2026-06-02,19:00,90,Padel 3,60.0,frei,4
2026-05-29T19:31:01,2026-06-02,19:00,120,Padel 3,80.0,frei,4
2026-05-29T19:31:01,2026-06-02,19:30,60,Padel 3,40.0,frei,4
2026-05-29T19:31:01,2026-06-02,19:30,90,Padel 3,60.0,frei,4
2026-05-29T19:31:01,2026-06-02,19:30,120,Padel 3,80.0,frei,4
2026-05-29T19:31:01,2026-06-02,20:00,60,Padel 3,40.0,frei,4
2026-05-29T19:31:01,2026-06-02,20:00,90,Padel 3,60.0,frei,4
2026-05-29T19:31:01,2026-06-02,20:00,120,Padel 3,80.0,frei,4
2026-05-29T19:31:01,2026-06-02,20:30,60,Padel 3,40.0,frei,4
2026-05-29T19:31:01,2026-06-02,20:30,90,Padel 3,60.0,frei,4
2026-05-29T19:31:01,2026-06-02,21:00,60,Padel 3,40.0,frei,4
2026-05-29T19:31:01,2026-06-02,21:00,120,Padel 3,80.0,frei,4
2026-05-29T19:31:01,2026-06-02,21:30,90,Padel 3,60.0,frei,4
2026-05-29T19:31:01,2026-06-02,22:00,60,Padel 3,40.0,frei,4
2026-05-29T19:31:01,2026-06-02,08:00,60,Padel 2,24.0,frei,4
2026-05-29T19:31:01,2026-06-02,08:00,90,Padel 2,36.0,frei,4
2026-05-29T19:31:01,2026-06-02,08:00,120,Padel 2,48.0,frei,4
2026-05-29T19:31:01,2026-06-02,08:30,60,Padel 2,24.0,frei,4
2026-05-29T19:31:01,2026-06-02,08:30,90,Padel 2,36.0,frei,4
2026-05-29T19:31:01,2026-06-02,08:30,120,Padel 2,48.0,frei,4
2026-05-29T19:31:01,2026-06-02,09:00,60,Padel 2,24.0,frei,4
2026-05-29T19:31:01,2026-06-02,09:00,90,Padel 2,36.0,frei,4
2026-05-29T19:31:01,2026-06-02,09:00,120,Padel 2,48.0,frei,4
2026-05-29T19:31:01,2026-06-02,09:30,60,Padel 2,24.0,frei,4
2026-05-29T19:31:01,2026-06-02,09:30,90,Padel 2,36.0,frei,4
2026-05-29T19:31:01,2026-06-02,09:30,120,Padel 2,48.0,frei,4
2026-05-29T19:31:01,2026-06-02,10:00,60,Padel 2,24.0,frei,4
2026-05-29T19:31:01,2026-06-02,10:00,90,Padel 2,36.0,frei,4
2026-05-29T19:31:01,2026-06-02,10:00,120,Padel 2,48.0,frei,4
2026-05-29T19:31:01,2026-06-02,10:30,60,Padel 2,24.0,frei,4
2026-05-29T19:31:01,2026-06-02,10:30,90,Padel 2,36.0,frei,4
2026-05-29T19:31:01,2026-06-02,10:30,120,Padel 2,48.0,frei,4
2026-05-29T19:31:01,2026-06-02,11:00,60,Padel 2,24.0,frei,4
2026-05-29T19:31:01,2026-06-02,11:00,90,Padel 2,36.0,frei,4
2026-05-29T19:31:01,2026-06-02,11:00,120,Padel 2,48.0,frei,4
2026-05-29T19:31:01,2026-06-02,11:30,60,Padel 2,24.0,frei,4
2026-05-29T19:31:01,2026-06-02,11:30,90,Padel 2,36.0,frei,4
2026-05-29T19:31:01,2026-06-02,11:30,120,Padel 2,48.0,frei,4
2026-05-29T19:31:01,2026-06-02,12:00,60,Padel 2,24.0,frei,4
2026-05-29T19:31:01,2026-06-02,12:00,90,Padel 2,36.0,frei,4
2026-05-29T19:31:01,2026-06-02,12:30,60,Padel 2,24.0,frei,4
2026-05-29T19:31:01,2026-06-02,12:30,120,Padel 2,48.0,frei,4
2026-05-29T19:31:01,2026-06-02,13:00,90,Padel 2,36.0,frei,4
2026-05-29T19:31:01,2026-06-02,13:30,60,Padel 2,24.0,frei,4
2026-05-29T19:31:01,2026-06-02,15:30,60,Padel 2,32.0,frei,4
2026-05-29T19:31:01,2026-06-02,15:30,90,Padel 2,52.0,frei,4
2026-05-29T19:31:01,2026-06-02,15:30,120,Padel 2,72.0,frei,4
2026-05-29T19:31:01,2026-06-02,16:30,60,Padel 2,40.0,frei,4
2026-05-29T19:31:01,2026-06-02,16:30,90,Padel 2,60.0,frei,4
2026-05-29T19:31:01,2026-06-02,17:00,60,Padel 2,40.0,frei,4
2026-05-29T19:31:01,2026-06-02,17:00,120,Padel 2,80.0,frei,4
2026-05-29T19:31:01,2026-06-02,17:30,90,Padel 2,60.0,frei,4
2026-05-29T19:31:01,2026-06-02,18:00,60,Padel 2,40.0,frei,4
2026-05-29T19:31:01,2026-06-02,20:30,60,Padel 2,40.0,frei,4
2026-05-29T19:31:01,2026-06-02,20:30,90,Padel 2,60.0,frei,4
2026-05-29T19:31:01,2026-06-02,21:30,90,Padel 2,60.0,frei,4
2026-05-29T19:31:01,2026-06-02,22:00,60,Padel 2,40.0,frei,4
2026-05-29T19:31:01,2026-06-02,08:00,60,Padel 4,24.0,frei,4
2026-05-29T19:31:01,2026-06-02,08:00,90,Padel 4,36.0,frei,4
2026-05-29T19:31:01,2026-06-02,08:00,120,Padel 4,48.0,frei,4
2026-05-29T19:31:01,2026-06-02,08:30,60,Padel 4,24.0,frei,4
2026-05-29T19:31:01,2026-06-02,08:30,90,Padel 4,36.0,frei,4
2026-05-29T19:31:01,2026-06-02,08:30,120,Padel 4,48.0,frei,4
2026-05-29T19:31:01,2026-06-02,09:00,60,Padel 4,24.0,frei,4
2026-05-29T19:31:01,2026-06-02,09:00,90,Padel 4,36.0,frei,4
2026-05-29T19:31:01,2026-06-02,09:00,120,Padel 4,48.0,frei,4
2026-05-29T19:31:01,2026-06-02,09:30,60,Padel 4,24.0,frei,4
2026-05-29T19:31:01,2026-06-02,09:30,90,Padel 4,36.0,frei,4
2026-05-29T19:31:01,2026-06-02,09:30,120,Padel 4,48.0,frei,4
2026-05-29T19:31:01,2026-06-02,10:00,60,Padel 4,24.0,frei,4
2026-05-29T19:31:01,2026-06-02,10:00,90,Padel 4,36.0,frei,4
2026-05-29T19:31:01,2026-06-02,10:00,120,Padel 4,48.0,frei,4
2026-05-29T19:31:01,2026-06-02,10:30,60,Padel 4,24.0,frei,4
2026-05-29T19:31:01,2026-06-02,10:30,90,Padel 4,36.0,frei,4
2026-05-29T19:31:01,2026-06-02,10:30,120,Padel 4,48.0,frei,4
2026-05-29T19:31:01,2026-06-02,11:00,60,Padel 4,24.0,frei,4
2026-05-29T19:31:01,2026-06-02,11:00,90,Padel 4,36.0,frei,4
2026-05-29T19:31:01,2026-06-02,11:00,120,Padel 4,48.0,frei,4
2026-05-29T19:31:01,2026-06-02,11:30,60,Padel 4,24.0,frei,4
2026-05-29T19:31:01,2026-06-02,11:30,90,Padel 4,36.0,frei,4
2026-05-29T19:31:01,2026-06-02,11:30,120,Padel 4,48.0,frei,4
2026-05-29T19:31:01,2026-06-02,12:00,60,Padel 4,24.0,frei,4
2026-05-29T19:31:01,2026-06-02,12:00,90,Padel 4,36.0,frei,4
2026-05-29T19:31:01,2026-06-02,12:30,60,Padel 4,24.0,frei,4
2026-05-29T19:31:01,2026-06-02,12:30,120,Padel 4,48.0,frei,4
2026-05-29T19:31:01,2026-06-02,13:00,90,Padel 4,36.0,frei,4
2026-05-29T19:31:01,2026-06-02,13:30,60,Padel 4,24.0,frei,4
2026-05-29T19:31:01,2026-06-02,15:30,60,Padel 4,32.0,frei,4
2026-05-29T19:31:01,2026-06-02,15:30,90,Padel 4,52.0,frei,4
2026-05-29T19:31:01,2026-06-02,15:30,120,Padel 4,72.0,frei,4
2026-05-29T19:31:01,2026-06-02,16:30,60,Padel 4,40.0,frei,4
2026-05-29T19:31:01,2026-06-02,16:30,90,Padel 4,60.0,frei,4
2026-05-29T19:31:01,2026-06-02,16:30,120,Padel 4,80.0,frei,4
2026-05-29T19:31:01,2026-06-02,17:00,60,Padel 4,40.0,frei,4
2026-05-29T19:31:01,2026-06-02,17:00,90,Padel 4,60.0,frei,4
2026-05-29T19:31:01,2026-06-02,17:00,120,Padel 4,80.0,frei,4
2026-05-29T19:31:01,2026-06-02,17:30,60,Padel 4,40.0,frei,4
2026-05-29T19:31:01,2026-06-02,17:30,90,Padel 4,60.0,frei,4
2026-05-29T19:31:01,2026-06-02,17:30,120,Padel 4,80.0,frei,4
2026-05-29T19:31:01,2026-06-02,18:00,60,Padel 4,40.0,frei,4
2026-05-29T19:31:01,2026-06-02,18:00,90,Padel 4,60.0,frei,4
2026-05-29T19:31:01,2026-06-02,18:00,120,Padel 4,80.0,frei,4
2026-05-29T19:31:01,2026-06-02,18:30,60,Padel 4,40.0,frei,4
2026-05-29T19:31:01,2026-06-02,18:30,90,Padel 4,60.0,frei,4
2026-05-29T19:31:01,2026-06-02,18:30,120,Padel 4,80.0,frei,4
2026-05-29T19:31:01,2026-06-02,19:00,60,Padel 4,40.0,frei,4
2026-05-29T19:31:01,2026-06-02,19:00,90,Padel 4,60.0,frei,4
2026-05-29T19:31:01,2026-06-02,19:00,120,Padel 4,80.0,frei,4
2026-05-29T19:31:01,2026-06-02,19:30,60,Padel 4,40.0,frei,4
2026-05-29T19:31:01,2026-06-02,19:30,90,Padel 4,60.0,frei,4
2026-05-29T19:31:01,2026-06-02,19:30,120,Padel 4,80.0,frei,4
2026-05-29T19:31:01,2026-06-02,20:00,60,Padel 4,40.0,frei,4
2026-05-29T19:31:01,2026-06-02,20:00,90,Padel 4,60.0,frei,4
2026-05-29T19:31:01,2026-06-02,20:00,120,Padel 4,80.0,frei,4
2026-05-29T19:31:01,2026-06-02,20:30,60,Padel 4,40.0,frei,4
2026-05-29T19:31:01,2026-06-02,20:30,90,Padel 4,60.0,frei,4
2026-05-29T19:31:01,2026-06-02,21:00,60,Padel 4,40.0,frei,4
2026-05-29T19:31:01,2026-06-02,21:00,120,Padel 4,80.0,frei,4
2026-05-29T19:31:01,2026-06-02,21:30,90,Padel 4,60.0,frei,4
2026-05-29T19:31:01,2026-06-02,22:00,60,Padel 4,40.0,frei,4
2026-05-29T19:31:01,2026-06-02,08:00,60,Padel 1,24.0,frei,4
2026-05-29T19:31:01,2026-06-02,08:00,90,Padel 1,36.0,frei,4
2026-05-29T19:31:01,2026-06-02,08:00,120,Padel 1,48.0,frei,4
2026-05-29T19:31:01,2026-06-02,08:30,60,Padel 1,24.0,frei,4
2026-05-29T19:31:01,2026-06-02,08:30,90,Padel 1,36.0,frei,4
2026-05-29T19:31:01,2026-06-02,08:30,120,Padel 1,48.0,frei,4
2026-05-29T19:31:01,2026-06-02,09:00,60,Padel 1,24.0,frei,4
2026-05-29T19:31:01,2026-06-02,09:00,90,Padel 1,36.0,frei,4
2026-05-29T19:31:01,2026-06-02,09:00,120,Padel 1,48.0,frei,4
2026-05-29T19:31:01,2026-06-02,09:30,60,Padel 1,24.0,frei,4
2026-05-29T19:31:01,2026-06-02,09:30,90,Padel 1,36.0,frei,4
2026-05-29T19:31:01,2026-06-02,09:30,120,Padel 1,48.0,frei,4
2026-05-29T19:31:01,2026-06-02,10:00,60,Padel 1,24.0,frei,4
2026-05-29T19:31:01,2026-06-02,10:00,90,Padel 1,36.0,frei,4
2026-05-29T19:31:01,2026-06-02,10:00,120,Padel 1,48.0,frei,4
2026-05-29T19:31:01,2026-06-02,10:30,60,Padel 1,24.0,frei,4
2026-05-29T19:31:01,2026-06-02,10:30,90,Padel 1,36.0,frei,4
2026-05-29T19:31:01,2026-06-02,10:30,120,Padel 1,48.0,frei,4
2026-05-29T19:31:01,2026-06-02,11:00,60,Padel 1,24.0,frei,4
2026-05-29T19:31:01,2026-06-02,11:00,90,Padel 1,36.0,frei,4
2026-05-29T19:31:01,2026-06-02,11:00,120,Padel 1,48.0,frei,4
2026-05-29T19:31:01,2026-06-02,11:30,60,Padel 1,24.0,frei,4
2026-05-29T19:31:01,2026-06-02,11:30,90,Padel 1,36.0,frei,4
2026-05-29T19:31:01,2026-06-02,11:30,120,Padel 1,48.0,frei,4
2026-05-29T19:31:01,2026-06-02,12:00,60,Padel 1,24.0,frei,4
2026-05-29T19:31:01,2026-06-02,12:00,90,Padel 1,36.0,frei,4
2026-05-29T19:31:01,2026-06-02,12:00,120,Padel 1,48.0,frei,4
2026-05-29T19:31:01,2026-06-02,12:30,60,Padel 1,24.0,frei,4
2026-05-29T19:31:01,2026-06-02,12:30,90,Padel 1,36.0,frei,4
2026-05-29T19:31:01,2026-06-02,12:30,120,Padel 1,48.0,frei,4
2026-05-29T19:31:01,2026-06-02,13:00,60,Padel 1,24.0,frei,4
2026-05-29T19:31:01,2026-06-02,13:00,90,Padel 1,36.0,frei,4
2026-05-29T19:31:01,2026-06-02,13:00,120,Padel 1,48.0,frei,4
2026-05-29T19:31:01,2026-06-02,13:30,60,Padel 1,24.0,frei,4
2026-05-29T19:31:01,2026-06-02,13:30,90,Padel 1,36.0,frei,4
2026-05-29T19:31:01,2026-06-02,13:30,120,Padel 1,48.0,frei,4
2026-05-29T19:31:01,2026-06-02,14:00,60,Padel 1,24.0,frei,4
2026-05-29T19:31:01,2026-06-02,14:00,90,Padel 1,36.0,frei,4
2026-05-29T19:31:01,2026-06-02,14:00,120,Padel 1,48.0,frei,4
2026-05-29T19:31:01,2026-06-02,14:30,60,Padel 1,24.0,frei,4
2026-05-29T19:31:01,2026-06-02,14:30,90,Padel 1,36.0,frei,4
2026-05-29T19:31:01,2026-06-02,14:30,120,Padel 1,56.0,frei,4
2026-05-29T19:31:01,2026-06-02,15:00,60,Padel 1,24.0,frei,4
2026-05-29T19:31:01,2026-06-02,15:00,90,Padel 1,44.0,frei,4
2026-05-29T19:31:01,2026-06-02,15:30,60,Padel 1,32.0,frei,4
2026-05-29T19:31:01,2026-06-02,15:30,120,Padel 1,72.0,frei,4
2026-05-29T19:31:01,2026-06-02,16:00,90,Padel 1,60.0,frei,4
2026-05-29T19:31:01,2026-06-02,16:30,60,Padel 1,40.0,frei,4
2026-05-29T19:31:01,2026-06-02,20:30,60,Padel 1,40.0,frei,4
2026-05-29T19:31:01,2026-06-02,20:30,90,Padel 1,60.0,frei,4
2026-05-29T19:31:01,2026-06-02,21:30,90,Padel 1,60.0,frei,4
2026-05-29T19:31:01,2026-06-02,22:00,60,Padel 1,40.0,frei,4
2026-05-29T19:31:01,2026-06-03,08:00,60,Padel 3,24.0,frei,5
2026-05-29T19:31:01,2026-06-03,08:00,90,Padel 3,36.0,frei,5
2026-05-29T19:31:01,2026-06-03,08:00,120,Padel 3,48.0,frei,5
2026-05-29T19:31:01,2026-06-03,08:30,60,Padel 3,24.0,frei,5
2026-05-29T19:31:01,2026-06-03,08:30,90,Padel 3,36.0,frei,5
2026-05-29T19:31:01,2026-06-03,08:30,120,Padel 3,48.0,frei,5
2026-05-29T19:31:01,2026-06-03,09:00,60,Padel 3,24.0,frei,5
2026-05-29T19:31:01,2026-06-03,09:00,90,Padel 3,36.0,frei,5
2026-05-29T19:31:01,2026-06-03,09:00,120,Padel 3,48.0,frei,5
2026-05-29T19:31:01,2026-06-03,09:30,60,Padel 3,24.0,frei,5
2026-05-29T19:31:01,2026-06-03,09:30,90,Padel 3,36.0,frei,5
2026-05-29T19:31:01,2026-06-03,09:30,120,Padel 3,48.0,frei,5
2026-05-29T19:31:01,2026-06-03,10:00,60,Padel 3,24.0,frei,5
2026-05-29T19:31:01,2026-06-03,10:00,90,Padel 3,36.0,frei,5
2026-05-29T19:31:01,2026-06-03,10:00,120,Padel 3,48.0,frei,5
2026-05-29T19:31:01,2026-06-03,10:30,60,Padel 3,24.0,frei,5
2026-05-29T19:31:01,2026-06-03,10:30,90,Padel 3,36.0,frei,5
2026-05-29T19:31:01,2026-06-03,10:30,120,Padel 3,48.0,frei,5
2026-05-29T19:31:01,2026-06-03,11:00,60,Padel 3,24.0,frei,5
2026-05-29T19:31:01,2026-06-03,11:00,90,Padel 3,36.0,frei,5
2026-05-29T19:31:01,2026-06-03,11:00,120,Padel 3,48.0,frei,5
2026-05-29T19:31:01,2026-06-03,11:30,60,Padel 3,24.0,frei,5
2026-05-29T19:31:01,2026-06-03,11:30,90,Padel 3,36.0,frei,5
2026-05-29T19:31:01,2026-06-03,11:30,120,Padel 3,48.0,frei,5
2026-05-29T19:31:01,2026-06-03,12:00,60,Padel 3,24.0,frei,5
2026-05-29T19:31:01,2026-06-03,12:00,90,Padel 3,36.0,frei,5
2026-05-29T19:31:01,2026-06-03,12:00,120,Padel 3,48.0,frei,5
2026-05-29T19:31:01,2026-06-03,12:30,60,Padel 3,24.0,frei,5
2026-05-29T19:31:01,2026-06-03,12:30,90,Padel 3,36.0,frei,5
2026-05-29T19:31:01,2026-06-03,12:30,120,Padel 3,48.0,frei,5
2026-05-29T19:31:01,2026-06-03,13:00,60,Padel 3,24.0,frei,5
2026-05-29T19:31:01,2026-06-03,13:00,90,Padel 3,36.0,frei,5
2026-05-29T19:31:01,2026-06-03,13:00,120,Padel 3,48.0,frei,5
2026-05-29T19:31:01,2026-06-03,13:30,60,Padel 3,24.0,frei,5
2026-05-29T19:31:01,2026-06-03,13:30,90,Padel 3,36.0,frei,5
2026-05-29T19:31:01,2026-06-03,13:30,120,Padel 3,48.0,frei,5
2026-05-29T19:31:01,2026-06-03,14:00,60,Padel 3,24.0,frei,5
2026-05-29T19:31:01,2026-06-03,14:00,90,Padel 3,36.0,frei,5
2026-05-29T19:31:01,2026-06-03,14:00,120,Padel 3,48.0,frei,5
2026-05-29T19:31:01,2026-06-03,14:30,60,Padel 3,24.0,frei,5
2026-05-29T19:31:01,2026-06-03,14:30,90,Padel 3,36.0,frei,5
2026-05-29T19:31:01,2026-06-03,15:00,60,Padel 3,24.0,frei,5
2026-05-29T19:31:01,2026-06-03,15:00,120,Padel 3,64.0,frei,5
2026-05-29T19:31:01,2026-06-03,15:30,90,Padel 3,52.0,frei,5
2026-05-29T19:31:01,2026-06-03,16:00,60,Padel 3,40.0,frei,5
2026-05-29T19:31:01,2026-06-03,22:00,60,Padel 3,40.0,frei,5
2026-05-29T19:31:01,2026-06-03,08:00,60,Padel 2,24.0,frei,5
2026-05-29T19:31:01,2026-06-03,08:00,90,Padel 2,36.0,frei,5
2026-05-29T19:31:01,2026-06-03,08:00,120,Padel 2,48.0,frei,5
2026-05-29T19:31:01,2026-06-03,08:30,60,Padel 2,24.0,frei,5
2026-05-29T19:31:01,2026-06-03,08:30,90,Padel 2,36.0,frei,5
2026-05-29T19:31:01,2026-06-03,08:30,120,Padel 2,48.0,frei,5
2026-05-29T19:31:01,2026-06-03,09:00,60,Padel 2,24.0,frei,5
2026-05-29T19:31:01,2026-06-03,09:00,90,Padel 2,36.0,frei,5
2026-05-29T19:31:01,2026-06-03,09:00,120,Padel 2,48.0,frei,5
2026-05-29T19:31:01,2026-06-03,09:30,60,Padel 2,24.0,frei,5
2026-05-29T19:31:01,2026-06-03,09:30,90,Padel 2,36.0,frei,5
2026-05-29T19:31:01,2026-06-03,09:30,120,Padel 2,48.0,frei,5
2026-05-29T19:31:01,2026-06-03,10:00,60,Padel 2,24.0,frei,5
2026-05-29T19:31:01,2026-06-03,10:00,90,Padel 2,36.0,frei,5
2026-05-29T19:31:01,2026-06-03,10:00,120,Padel 2,48.0,frei,5
2026-05-29T19:31:01,2026-06-03,10:30,60,Padel 2,24.0,frei,5
2026-05-29T19:31:01,2026-06-03,10:30,90,Padel 2,36.0,frei,5
2026-05-29T19:31:01,2026-06-03,10:30,120,Padel 2,48.0,frei,5
2026-05-29T19:31:01,2026-06-03,11:00,60,Padel 2,24.0,frei,5
2026-05-29T19:31:01,2026-06-03,11:00,90,Padel 2,36.0,frei,5
2026-05-29T19:31:01,2026-06-03,11:00,120,Padel 2,48.0,frei,5
2026-05-29T19:31:01,2026-06-03,11:30,60,Padel 2,24.0,frei,5
2026-05-29T19:31:01,2026-06-03,11:30,90,Padel 2,36.0,frei,5
2026-05-29T19:31:01,2026-06-03,11:30,120,Padel 2,48.0,frei,5
2026-05-29T19:31:01,2026-06-03,12:00,60,Padel 2,24.0,frei,5
2026-05-29T19:31:01,2026-06-03,12:00,90,Padel 2,36.0,frei,5
2026-05-29T19:31:01,2026-06-03,12:00,120,Padel 2,48.0,frei,5
2026-05-29T19:31:01,2026-06-03,12:30,60,Padel 2,24.0,frei,5
2026-05-29T19:31:01,2026-06-03,12:30,90,Padel 2,36.0,frei,5
2026-05-29T19:31:01,2026-06-03,12:30,120,Padel 2,48.0,frei,5
2026-05-29T19:31:01,2026-06-03,13:00,60,Padel 2,24.0,frei,5
2026-05-29T19:31:01,2026-06-03,13:00,90,Padel 2,36.0,frei,5
2026-05-29T19:31:01,2026-06-03,13:00,120,Padel 2,48.0,frei,5
2026-05-29T19:31:01,2026-06-03,13:30,60,Padel 2,24.0,frei,5
2026-05-29T19:31:01,2026-06-03,13:30,90,Padel 2,36.0,frei,5
2026-05-29T19:31:01,2026-06-03,13:30,120,Padel 2,48.0,frei,5
2026-05-29T19:31:01,2026-06-03,14:00,60,Padel 2,24.0,frei,5
2026-05-29T19:31:01,2026-06-03,14:00,90,Padel 2,36.0,frei,5
2026-05-29T19:31:01,2026-06-03,14:00,120,Padel 2,48.0,frei,5
2026-05-29T19:31:01,2026-06-03,14:30,60,Padel 2,24.0,frei,5
2026-05-29T19:31:01,2026-06-03,14:30,90,Padel 2,36.0,frei,5
2026-05-29T19:31:01,2026-06-03,14:30,120,Padel 2,56.0,frei,5
2026-05-29T19:31:01,2026-06-03,15:00,60,Padel 2,24.0,frei,5
2026-05-29T19:31:01,2026-06-03,15:00,90,Padel 2,44.0,frei,5
2026-05-29T19:31:01,2026-06-03,15:00,120,Padel 2,64.0,frei,5
2026-05-29T19:31:01,2026-06-03,15:30,60,Padel 2,32.0,frei,5
2026-05-29T19:31:01,2026-06-03,15:30,90,Padel 2,52.0,frei,5
2026-05-29T19:31:01,2026-06-03,16:00,60,Padel 2,40.0,frei,5
2026-05-29T19:31:01,2026-06-03,16:00,120,Padel 2,80.0,frei,5
2026-05-29T19:31:01,2026-06-03,16:30,90,Padel 2,60.0,frei,5
2026-05-29T19:31:01,2026-06-03,17:00,60,Padel 2,40.0,frei,5
2026-05-29T19:31:01,2026-06-03,22:00,60,Padel 2,40.0,frei,5
2026-05-29T19:31:01,2026-06-03,08:00,60,Padel 4,24.0,frei,5
2026-05-29T19:31:01,2026-06-03,08:00,90,Padel 4,36.0,frei,5
2026-05-29T19:31:01,2026-06-03,08:00,120,Padel 4,48.0,frei,5
2026-05-29T19:31:01,2026-06-03,08:30,60,Padel 4,24.0,frei,5
2026-05-29T19:31:01,2026-06-03,08:30,90,Padel 4,36.0,frei,5
2026-05-29T19:31:01,2026-06-03,08:30,120,Padel 4,48.0,frei,5
2026-05-29T19:31:01,2026-06-03,09:00,60,Padel 4,24.0,frei,5
2026-05-29T19:31:01,2026-06-03,09:00,90,Padel 4,36.0,frei,5
2026-05-29T19:31:01,2026-06-03,09:00,120,Padel 4,48.0,frei,5
2026-05-29T19:31:01,2026-06-03,09:30,60,Padel 4,24.0,frei,5
2026-05-29T19:31:01,2026-06-03,09:30,90,Padel 4,36.0,frei,5
2026-05-29T19:31:01,2026-06-03,09:30,120,Padel 4,48.0,frei,5
2026-05-29T19:31:01,2026-06-03,10:00,60,Padel 4,24.0,frei,5
2026-05-29T19:31:01,2026-06-03,10:00,90,Padel 4,36.0,frei,5
2026-05-29T19:31:01,2026-06-03,10:00,120,Padel 4,48.0,frei,5
2026-05-29T19:31:01,2026-06-03,10:30,60,Padel 4,24.0,frei,5
2026-05-29T19:31:01,2026-06-03,10:30,90,Padel 4,36.0,frei,5
2026-05-29T19:31:01,2026-06-03,10:30,120,Padel 4,48.0,frei,5
2026-05-29T19:31:01,2026-06-03,11:00,60,Padel 4,24.0,frei,5
2026-05-29T19:31:01,2026-06-03,11:00,90,Padel 4,36.0,frei,5
2026-05-29T19:31:01,2026-06-03,11:00,120,Padel 4,48.0,frei,5
2026-05-29T19:31:01,2026-06-03,11:30,60,Padel 4,24.0,frei,5
2026-05-29T19:31:01,2026-06-03,11:30,90,Padel 4,36.0,frei,5
2026-05-29T19:31:01,2026-06-03,11:30,120,Padel 4,48.0,frei,5
2026-05-29T19:31:01,2026-06-03,12:00,60,Padel 4,24.0,frei,5
2026-05-29T19:31:01,2026-06-03,12:00,90,Padel 4,36.0,frei,5
2026-05-29T19:31:01,2026-06-03,12:00,120,Padel 4,48.0,frei,5
2026-05-29T19:31:01,2026-06-03,12:30,60,Padel 4,24.0,frei,5
2026-05-29T19:31:01,2026-06-03,12:30,90,Padel 4,36.0,frei,5
2026-05-29T19:31:01,2026-06-03,12:30,120,Padel 4,48.0,frei,5
2026-05-29T19:31:01,2026-06-03,13:00,60,Padel 4,24.0,frei,5
2026-05-29T19:31:01,2026-06-03,13:00,90,Padel 4,36.0,frei,5
2026-05-29T19:31:01,2026-06-03,13:00,120,Padel 4,48.0,frei,5
2026-05-29T19:31:01,2026-06-03,13:30,60,Padel 4,24.0,frei,5
2026-05-29T19:31:01,2026-06-03,13:30,90,Padel 4,36.0,frei,5
2026-05-29T19:31:01,2026-06-03,13:30,120,Padel 4,48.0,frei,5
2026-05-29T19:31:01,2026-06-03,14:00,60,Padel 4,24.0,frei,5
2026-05-29T19:31:01,2026-06-03,14:00,90,Padel 4,36.0,frei,5
2026-05-29T19:31:01,2026-06-03,14:00,120,Padel 4,48.0,frei,5
2026-05-29T19:31:01,2026-06-03,14:30,60,Padel 4,24.0,frei,5
2026-05-29T19:31:01,2026-06-03,14:30,90,Padel 4,36.0,frei,5
2026-05-29T19:31:01,2026-06-03,14:30,120,Padel 4,56.0,frei,5
2026-05-29T19:31:01,2026-06-03,15:00,60,Padel 4,24.0,frei,5
2026-05-29T19:31:01,2026-06-03,15:00,90,Padel 4,44.0,frei,5
2026-05-29T19:31:01,2026-06-03,15:00,120,Padel 4,64.0,frei,5
2026-05-29T19:31:01,2026-06-03,15:30,60,Padel 4,32.0,frei,5
2026-05-29T19:31:01,2026-06-03,15:30,90,Padel 4,52.0,frei,5
2026-05-29T19:31:01,2026-06-03,16:00,60,Padel 4,40.0,frei,5
2026-05-29T19:31:01,2026-06-03,16:00,120,Padel 4,80.0,frei,5
2026-05-29T19:31:01,2026-06-03,16:30,90,Padel 4,60.0,frei,5
2026-05-29T19:31:01,2026-06-03,17:00,60,Padel 4,40.0,frei,5
2026-05-29T19:31:01,2026-06-03,22:00,60,Padel 4,40.0,frei,5
2026-05-29T19:31:01,2026-06-03,08:00,60,Padel 1,24.0,frei,5
2026-05-29T19:31:01,2026-06-03,08:00,90,Padel 1,36.0,frei,5
2026-05-29T19:31:01,2026-06-03,08:00,120,Padel 1,48.0,frei,5
2026-05-29T19:31:01,2026-06-03,08:30,60,Padel 1,24.0,frei,5
2026-05-29T19:31:01,2026-06-03,08:30,90,Padel 1,36.0,frei,5
2026-05-29T19:31:01,2026-06-03,08:30,120,Padel 1,48.0,frei,5
2026-05-29T19:31:01,2026-06-03,09:00,60,Padel 1,24.0,frei,5
2026-05-29T19:31:01,2026-06-03,09:00,90,Padel 1,36.0,frei,5
2026-05-29T19:31:01,2026-06-03,09:00,120,Padel 1,48.0,frei,5
2026-05-29T19:31:01,2026-06-03,09:30,60,Padel 1,24.0,frei,5
2026-05-29T19:31:01,2026-06-03,09:30,90,Padel 1,36.0,frei,5
2026-05-29T19:31:01,2026-06-03,09:30,120,Padel 1,48.0,frei,5
2026-05-29T19:31:01,2026-06-03,10:00,60,Padel 1,24.0,frei,5
2026-05-29T19:31:01,2026-06-03,10:00,90,Padel 1,36.0,frei,5
2026-05-29T19:31:01,2026-06-03,10:00,120,Padel 1,48.0,frei,5
2026-05-29T19:31:01,2026-06-03,10:30,60,Padel 1,24.0,frei,5
2026-05-29T19:31:01,2026-06-03,10:30,90,Padel 1,36.0,frei,5
2026-05-29T19:31:01,2026-06-03,10:30,120,Padel 1,48.0,frei,5
2026-05-29T19:31:01,2026-06-03,11:00,60,Padel 1,24.0,frei,5
2026-05-29T19:31:01,2026-06-03,11:00,90,Padel 1,36.0,frei,5
2026-05-29T19:31:01,2026-06-03,11:00,120,Padel 1,48.0,frei,5
2026-05-29T19:31:01,2026-06-03,11:30,60,Padel 1,24.0,frei,5
2026-05-29T19:31:01,2026-06-03,11:30,90,Padel 1,36.0,frei,5
2026-05-29T19:31:01,2026-06-03,11:30,120,Padel 1,48.0,frei,5
2026-05-29T19:31:01,2026-06-03,12:00,60,Padel 1,24.0,frei,5
2026-05-29T19:31:01,2026-06-03,12:00,90,Padel 1,36.0,frei,5
2026-05-29T19:31:01,2026-06-03,12:00,120,Padel 1,48.0,frei,5
2026-05-29T19:31:01,2026-06-03,12:30,60,Padel 1,24.0,frei,5
2026-05-29T19:31:01,2026-06-03,12:30,90,Padel 1,36.0,frei,5
2026-05-29T19:31:01,2026-06-03,12:30,120,Padel 1,48.0,frei,5
2026-05-29T19:31:01,2026-06-03,13:00,60,Padel 1,24.0,frei,5
2026-05-29T19:31:01,2026-06-03,13:00,90,Padel 1,36.0,frei,5
2026-05-29T19:31:01,2026-06-03,13:00,120,Padel 1,48.0,frei,5
2026-05-29T19:31:01,2026-06-03,13:30,60,Padel 1,24.0,frei,5
2026-05-29T19:31:01,2026-06-03,13:30,90,Padel 1,36.0,frei,5
2026-05-29T19:31:01,2026-06-03,13:30,120,Padel 1,48.0,frei,5
2026-05-29T19:31:01,2026-06-03,14:00,60,Padel 1,24.0,frei,5
2026-05-29T19:31:01,2026-06-03,14:00,90,Padel 1,36.0,frei,5
2026-05-29T19:31:01,2026-06-03,14:00,120,Padel 1,48.0,frei,5
2026-05-29T19:31:01,2026-06-03,14:30,60,Padel 1,24.0,frei,5
2026-05-29T19:31:01,2026-06-03,14:30,90,Padel 1,36.0,frei,5
2026-05-29T19:31:01,2026-06-03,14:30,120,Padel 1,56.0,frei,5
2026-05-29T19:31:01,2026-06-03,15:00,60,Padel 1,24.0,frei,5
2026-05-29T19:31:01,2026-06-03,15:00,90,Padel 1,44.0,frei,5
2026-05-29T19:31:01,2026-06-03,15:00,120,Padel 1,64.0,frei,5
2026-05-29T19:31:01,2026-06-03,15:30,60,Padel 1,32.0,frei,5
2026-05-29T19:31:01,2026-06-03,15:30,90,Padel 1,52.0,frei,5
2026-05-29T19:31:01,2026-06-03,15:30,120,Padel 1,72.0,frei,5
2026-05-29T19:31:01,2026-06-03,16:00,60,Padel 1,40.0,frei,5
2026-05-29T19:31:01,2026-06-03,16:00,90,Padel 1,60.0,frei,5
2026-05-29T19:31:01,2026-06-03,16:30,60,Padel 1,40.0,frei,5
2026-05-29T19:31:01,2026-06-03,16:30,120,Padel 1,80.0,frei,5
2026-05-29T19:31:01,2026-06-03,17:00,90,Padel 1,60.0,frei,5
2026-05-29T19:31:01,2026-06-03,17:30,60,Padel 1,40.0,frei,5
2026-05-29T19:31:01,2026-06-03,22:00,60,Padel 1,40.0,frei,5
2026-05-29T19:31:01,2026-06-04,08:00,60,Padel 3,24.0,frei,6
2026-05-29T19:31:01,2026-06-04,08:00,90,Padel 3,36.0,frei,6
2026-05-29T19:31:01,2026-06-04,08:00,120,Padel 3,48.0,frei,6
2026-05-29T19:31:01,2026-06-04,08:30,60,Padel 3,24.0,frei,6
2026-05-29T19:31:01,2026-06-04,08:30,90,Padel 3,36.0,frei,6
2026-05-29T19:31:01,2026-06-04,08:30,120,Padel 3,48.0,frei,6
2026-05-29T19:31:01,2026-06-04,09:00,60,Padel 3,24.0,frei,6
2026-05-29T19:31:01,2026-06-04,09:00,90,Padel 3,36.0,frei,6
2026-05-29T19:31:01,2026-06-04,09:00,120,Padel 3,48.0,frei,6
2026-05-29T19:31:01,2026-06-04,09:30,60,Padel 3,24.0,frei,6
2026-05-29T19:31:01,2026-06-04,09:30,90,Padel 3,36.0,frei,6
2026-05-29T19:31:01,2026-06-04,09:30,120,Padel 3,48.0,frei,6
2026-05-29T19:31:01,2026-06-04,10:00,60,Padel 3,24.0,frei,6
2026-05-29T19:31:01,2026-06-04,10:00,90,Padel 3,36.0,frei,6
2026-05-29T19:31:01,2026-06-04,10:00,120,Padel 3,48.0,frei,6
2026-05-29T19:31:01,2026-06-04,10:30,60,Padel 3,24.0,frei,6
2026-05-29T19:31:01,2026-06-04,10:30,90,Padel 3,36.0,frei,6
2026-05-29T19:31:01,2026-06-04,10:30,120,Padel 3,48.0,frei,6
2026-05-29T19:31:01,2026-06-04,11:00,60,Padel 3,24.0,frei,6
2026-05-29T19:31:01,2026-06-04,11:00,90,Padel 3,36.0,frei,6
2026-05-29T19:31:01,2026-06-04,11:00,120,Padel 3,48.0,frei,6
2026-05-29T19:31:01,2026-06-04,11:30,60,Padel 3,24.0,frei,6
2026-05-29T19:31:01,2026-06-04,11:30,90,Padel 3,36.0,frei,6
2026-05-29T19:31:01,2026-06-04,11:30,120,Padel 3,48.0,frei,6
2026-05-29T19:31:01,2026-06-04,12:00,60,Padel 3,24.0,frei,6
2026-05-29T19:31:01,2026-06-04,12:00,90,Padel 3,36.0,frei,6
2026-05-29T19:31:01,2026-06-04,12:00,120,Padel 3,48.0,frei,6
2026-05-29T19:31:01,2026-06-04,12:30,60,Padel 3,24.0,frei,6
2026-05-29T19:31:01,2026-06-04,12:30,90,Padel 3,36.0,frei,6
2026-05-29T19:31:01,2026-06-04,12:30,120,Padel 3,48.0,frei,6
2026-05-29T19:31:01,2026-06-04,13:00,60,Padel 3,24.0,frei,6
2026-05-29T19:31:01,2026-06-04,13:00,90,Padel 3,36.0,frei,6
2026-05-29T19:31:01,2026-06-04,13:00,120,Padel 3,48.0,frei,6
2026-05-29T19:31:01,2026-06-04,13:30,60,Padel 3,24.0,frei,6
2026-05-29T19:31:01,2026-06-04,13:30,90,Padel 3,36.0,frei,6
2026-05-29T19:31:01,2026-06-04,13:30,120,Padel 3,48.0,frei,6
2026-05-29T19:31:01,2026-06-04,14:00,60,Padel 3,24.0,frei,6
2026-05-29T19:31:01,2026-06-04,14:00,90,Padel 3,36.0,frei,6
2026-05-29T19:31:01,2026-06-04,14:00,120,Padel 3,48.0,frei,6
2026-05-29T19:31:01,2026-06-04,14:30,60,Padel 3,24.0,frei,6
2026-05-29T19:31:01,2026-06-04,14:30,90,Padel 3,36.0,frei,6
2026-05-29T19:31:01,2026-06-04,14:30,120,Padel 3,56.0,frei,6
2026-05-29T19:31:01,2026-06-04,15:00,60,Padel 3,24.0,frei,6
2026-05-29T19:31:01,2026-06-04,15:00,90,Padel 3,44.0,frei,6
2026-05-29T19:31:01,2026-06-04,15:00,120,Padel 3,64.0,frei,6
2026-05-29T19:31:01,2026-06-04,15:30,60,Padel 3,32.0,frei,6
2026-05-29T19:31:01,2026-06-04,15:30,90,Padel 3,52.0,frei,6
2026-05-29T19:31:01,2026-06-04,15:30,120,Padel 3,72.0,frei,6
2026-05-29T19:31:01,2026-06-04,16:00,60,Padel 3,40.0,frei,6
2026-05-29T19:31:01,2026-06-04,16:00,90,Padel 3,60.0,frei,6
2026-05-29T19:31:01,2026-06-04,16:00,120,Padel 3,80.0,frei,6
2026-05-29T19:31:01,2026-06-04,16:30,60,Padel 3,40.0,frei,6
2026-05-29T19:31:01,2026-06-04,16:30,90,Padel 3,60.0,frei,6
2026-05-29T19:31:01,2026-06-04,16:30,120,Padel 3,80.0,frei,6
2026-05-29T19:31:01,2026-06-04,17:00,60,Padel 3,40.0,frei,6
2026-05-29T19:31:01,2026-06-04,17:00,90,Padel 3,60.0,frei,6
2026-05-29T19:31:01,2026-06-04,17:00,120,Padel 3,80.0,frei,6
2026-05-29T19:31:01,2026-06-04,17:30,60,Padel 3,40.0,frei,6
2026-05-29T19:31:01,2026-06-04,17:30,90,Padel 3,60.0,frei,6
2026-05-29T19:31:01,2026-06-04,17:30,120,Padel 3,80.0,frei,6
2026-05-29T19:31:01,2026-06-04,18:00,60,Padel 3,40.0,frei,6
2026-05-29T19:31:01,2026-06-04,18:00,90,Padel 3,60.0,frei,6
2026-05-29T19:31:01,2026-06-04,18:00,120,Padel 3,80.0,frei,6
2026-05-29T19:31:01,2026-06-04,18:30,60,Padel 3,40.0,frei,6
2026-05-29T19:31:01,2026-06-04,18:30,90,Padel 3,60.0,frei,6
2026-05-29T19:31:01,2026-06-04,18:30,120,Padel 3,80.0,frei,6
2026-05-29T19:31:01,2026-06-04,19:00,60,Padel 3,40.0,frei,6
2026-05-29T19:31:01,2026-06-04,19:00,90,Padel 3,60.0,frei,6
2026-05-29T19:31:01,2026-06-04,19:00,120,Padel 3,80.0,frei,6
2026-05-29T19:31:01,2026-06-04,19:30,60,Padel 3,40.0,frei,6
2026-05-29T19:31:01,2026-06-04,19:30,90,Padel 3,60.0,frei,6
2026-05-29T19:31:01,2026-06-04,19:30,120,Padel 3,80.0,frei,6
2026-05-29T19:31:01,2026-06-04,20:00,60,Padel 3,40.0,frei,6
2026-05-29T19:31:01,2026-06-04,20:00,90,Padel 3,60.0,frei,6
2026-05-29T19:31:01,2026-06-04,20:00,120,Padel 3,80.0,frei,6
2026-05-29T19:31:01,2026-06-04,20:30,60,Padel 3,40.0,frei,6
2026-05-29T19:31:01,2026-06-04,20:30,90,Padel 3,60.0,frei,6
2026-05-29T19:31:01,2026-06-04,21:00,60,Padel 3,40.0,frei,6
2026-05-29T19:31:01,2026-06-04,21:00,120,Padel 3,80.0,frei,6
2026-05-29T19:31:01,2026-06-04,21:30,90,Padel 3,60.0,frei,6
2026-05-29T19:31:01,2026-06-04,22:00,60,Padel 3,40.0,frei,6
2026-05-29T19:31:01,2026-06-04,08:00,60,Padel 2,24.0,frei,6
2026-05-29T19:31:01,2026-06-04,08:00,90,Padel 2,36.0,frei,6
2026-05-29T19:31:01,2026-06-04,08:00,120,Padel 2,48.0,frei,6
2026-05-29T19:31:01,2026-06-04,08:30,60,Padel 2,24.0,frei,6
2026-05-29T19:31:01,2026-06-04,08:30,90,Padel 2,36.0,frei,6
2026-05-29T19:31:01,2026-06-04,08:30,120,Padel 2,48.0,frei,6
2026-05-29T19:31:01,2026-06-04,09:00,60,Padel 2,24.0,frei,6
2026-05-29T19:31:01,2026-06-04,09:00,90,Padel 2,36.0,frei,6
2026-05-29T19:31:01,2026-06-04,09:00,120,Padel 2,48.0,frei,6
2026-05-29T19:31:01,2026-06-04,09:30,60,Padel 2,24.0,frei,6
2026-05-29T19:31:01,2026-06-04,09:30,90,Padel 2,36.0,frei,6
2026-05-29T19:31:01,2026-06-04,09:30,120,Padel 2,48.0,frei,6
2026-05-29T19:31:01,2026-06-04,10:00,60,Padel 2,24.0,frei,6
2026-05-29T19:31:01,2026-06-04,10:00,90,Padel 2,36.0,frei,6
2026-05-29T19:31:01,2026-06-04,10:00,120,Padel 2,48.0,frei,6
2026-05-29T19:31:01,2026-06-04,10:30,60,Padel 2,24.0,frei,6
2026-05-29T19:31:01,2026-06-04,10:30,90,Padel 2,36.0,frei,6
2026-05-29T19:31:01,2026-06-04,10:30,120,Padel 2,48.0,frei,6
2026-05-29T19:31:01,2026-06-04,11:00,60,Padel 2,24.0,frei,6
2026-05-29T19:31:01,2026-06-04,11:00,90,Padel 2,36.0,frei,6
2026-05-29T19:31:01,2026-06-04,11:00,120,Padel 2,48.0,frei,6
2026-05-29T19:31:01,2026-06-04,11:30,60,Padel 2,24.0,frei,6
2026-05-29T19:31:01,2026-06-04,11:30,90,Padel 2,36.0,frei,6
2026-05-29T19:31:01,2026-06-04,11:30,120,Padel 2,48.0,frei,6
2026-05-29T19:31:01,2026-06-04,12:00,60,Padel 2,24.0,frei,6
2026-05-29T19:31:01,2026-06-04,12:00,90,Padel 2,36.0,frei,6
2026-05-29T19:31:01,2026-06-04,12:00,120,Padel 2,48.0,frei,6
2026-05-29T19:31:01,2026-06-04,12:30,60,Padel 2,24.0,frei,6
2026-05-29T19:31:01,2026-06-04,12:30,90,Padel 2,36.0,frei,6
2026-05-29T19:31:01,2026-06-04,12:30,120,Padel 2,48.0,frei,6
2026-05-29T19:31:01,2026-06-04,13:00,60,Padel 2,24.0,frei,6
2026-05-29T19:31:01,2026-06-04,13:00,90,Padel 2,36.0,frei,6
2026-05-29T19:31:01,2026-06-04,13:00,120,Padel 2,48.0,frei,6
2026-05-29T19:31:01,2026-06-04,13:30,60,Padel 2,24.0,frei,6
2026-05-29T19:31:01,2026-06-04,13:30,90,Padel 2,36.0,frei,6
2026-05-29T19:31:01,2026-06-04,13:30,120,Padel 2,48.0,frei,6
2026-05-29T19:31:01,2026-06-04,14:00,60,Padel 2,24.0,frei,6
2026-05-29T19:31:01,2026-06-04,14:00,90,Padel 2,36.0,frei,6
2026-05-29T19:31:01,2026-06-04,14:00,120,Padel 2,48.0,frei,6
2026-05-29T19:31:01,2026-06-04,14:30,60,Padel 2,24.0,frei,6
2026-05-29T19:31:01,2026-06-04,14:30,90,Padel 2,36.0,frei,6
2026-05-29T19:31:01,2026-06-04,14:30,120,Padel 2,56.0,frei,6
2026-05-29T19:31:01,2026-06-04,15:00,60,Padel 2,24.0,frei,6
2026-05-29T19:31:01,2026-06-04,15:00,90,Padel 2,44.0,frei,6
2026-05-29T19:31:01,2026-06-04,15:00,120,Padel 2,64.0,frei,6
2026-05-29T19:31:01,2026-06-04,15:30,60,Padel 2,32.0,frei,6
2026-05-29T19:31:01,2026-06-04,15:30,90,Padel 2,52.0,frei,6
2026-05-29T19:31:01,2026-06-04,15:30,120,Padel 2,72.0,frei,6
2026-05-29T19:31:01,2026-06-04,16:00,60,Padel 2,40.0,frei,6
2026-05-29T19:31:01,2026-06-04,16:00,90,Padel 2,60.0,frei,6
2026-05-29T19:31:01,2026-06-04,16:00,120,Padel 2,80.0,frei,6
2026-05-29T19:31:01,2026-06-04,16:30,60,Padel 2,40.0,frei,6
2026-05-29T19:31:01,2026-06-04,16:30,90,Padel 2,60.0,frei,6
2026-05-29T19:31:01,2026-06-04,17:00,60,Padel 2,40.0,frei,6
2026-05-29T19:31:01,2026-06-04,17:00,120,Padel 2,80.0,frei,6
2026-05-29T19:31:01,2026-06-04,17:30,90,Padel 2,60.0,frei,6
2026-05-29T19:31:01,2026-06-04,18:00,60,Padel 2,40.0,frei,6
2026-05-29T19:31:01,2026-06-04,20:30,60,Padel 2,40.0,frei,6
2026-05-29T19:31:01,2026-06-04,20:30,90,Padel 2,60.0,frei,6
2026-05-29T19:31:01,2026-06-04,21:30,90,Padel 2,60.0,frei,6
2026-05-29T19:31:01,2026-06-04,22:00,60,Padel 2,40.0,frei,6
2026-05-29T19:31:01,2026-06-04,08:00,60,Padel 4,24.0,frei,6
2026-05-29T19:31:01,2026-06-04,08:00,90,Padel 4,36.0,frei,6
2026-05-29T19:31:01,2026-06-04,08:00,120,Padel 4,48.0,frei,6
2026-05-29T19:31:01,2026-06-04,08:30,60,Padel 4,24.0,frei,6
2026-05-29T19:31:01,2026-06-04,08:30,90,Padel 4,36.0,frei,6
2026-05-29T19:31:01,2026-06-04,08:30,120,Padel 4,48.0,frei,6
2026-05-29T19:31:01,2026-06-04,09:00,60,Padel 4,24.0,frei,6
2026-05-29T19:31:01,2026-06-04,09:00,90,Padel 4,36.0,frei,6
2026-05-29T19:31:01,2026-06-04,09:00,120,Padel 4,48.0,frei,6
2026-05-29T19:31:01,2026-06-04,09:30,60,Padel 4,24.0,frei,6
2026-05-29T19:31:01,2026-06-04,09:30,90,Padel 4,36.0,frei,6
2026-05-29T19:31:01,2026-06-04,09:30,120,Padel 4,48.0,frei,6
2026-05-29T19:31:01,2026-06-04,10:00,60,Padel 4,24.0,frei,6
2026-05-29T19:31:01,2026-06-04,10:00,90,Padel 4,36.0,frei,6
2026-05-29T19:31:01,2026-06-04,10:00,120,Padel 4,48.0,frei,6
2026-05-29T19:31:01,2026-06-04,10:30,60,Padel 4,24.0,frei,6
2026-05-29T19:31:01,2026-06-04,10:30,90,Padel 4,36.0,frei,6
2026-05-29T19:31:01,2026-06-04,10:30,120,Padel 4,48.0,frei,6
2026-05-29T19:31:01,2026-06-04,11:00,60,Padel 4,24.0,frei,6
2026-05-29T19:31:01,2026-06-04,11:00,90,Padel 4,36.0,frei,6
2026-05-29T19:31:01,2026-06-04,11:00,120,Padel 4,48.0,frei,6
2026-05-29T19:31:01,2026-06-04,11:30,60,Padel 4,24.0,frei,6
2026-05-29T19:31:01,2026-06-04,11:30,90,Padel 4,36.0,frei,6
2026-05-29T19:31:01,2026-06-04,11:30,120,Padel 4,48.0,frei,6
2026-05-29T19:31:01,2026-06-04,12:00,60,Padel 4,24.0,frei,6
2026-05-29T19:31:01,2026-06-04,12:00,90,Padel 4,36.0,frei,6
2026-05-29T19:31:01,2026-06-04,12:00,120,Padel 4,48.0,frei,6
2026-05-29T19:31:01,2026-06-04,12:30,60,Padel 4,24.0,frei,6
2026-05-29T19:31:01,2026-06-04,12:30,90,Padel 4,36.0,frei,6
2026-05-29T19:31:01,2026-06-04,12:30,120,Padel 4,48.0,frei,6
2026-05-29T19:31:01,2026-06-04,13:00,60,Padel 4,24.0,frei,6
2026-05-29T19:31:01,2026-06-04,13:00,90,Padel 4,36.0,frei,6
2026-05-29T19:31:01,2026-06-04,13:00,120,Padel 4,48.0,frei,6
2026-05-29T19:31:01,2026-06-04,13:30,60,Padel 4,24.0,frei,6
2026-05-29T19:31:01,2026-06-04,13:30,90,Padel 4,36.0,frei,6
2026-05-29T19:31:01,2026-06-04,13:30,120,Padel 4,48.0,frei,6
2026-05-29T19:31:01,2026-06-04,14:00,60,Padel 4,24.0,frei,6
2026-05-29T19:31:01,2026-06-04,14:00,90,Padel 4,36.0,frei,6
2026-05-29T19:31:01,2026-06-04,14:00,120,Padel 4,48.0,frei,6
2026-05-29T19:31:01,2026-06-04,14:30,60,Padel 4,24.0,frei,6
2026-05-29T19:31:01,2026-06-04,14:30,90,Padel 4,36.0,frei,6
2026-05-29T19:31:01,2026-06-04,14:30,120,Padel 4,56.0,frei,6
2026-05-29T19:31:01,2026-06-04,15:00,60,Padel 4,24.0,frei,6
2026-05-29T19:31:01,2026-06-04,15:00,90,Padel 4,44.0,frei,6
2026-05-29T19:31:01,2026-06-04,15:00,120,Padel 4,64.0,frei,6
2026-05-29T19:31:01,2026-06-04,15:30,60,Padel 4,32.0,frei,6
2026-05-29T19:31:01,2026-06-04,15:30,90,Padel 4,52.0,frei,6
2026-05-29T19:31:01,2026-06-04,15:30,120,Padel 4,72.0,frei,6
2026-05-29T19:31:01,2026-06-04,16:00,60,Padel 4,40.0,frei,6
2026-05-29T19:31:01,2026-06-04,16:00,90,Padel 4,60.0,frei,6
2026-05-29T19:31:01,2026-06-04,16:00,120,Padel 4,80.0,frei,6
2026-05-29T19:31:01,2026-06-04,16:30,60,Padel 4,40.0,frei,6
2026-05-29T19:31:01,2026-06-04,16:30,90,Padel 4,60.0,frei,6
2026-05-29T19:31:01,2026-06-04,16:30,120,Padel 4,80.0,frei,6
2026-05-29T19:31:01,2026-06-04,17:00,60,Padel 4,40.0,frei,6
2026-05-29T19:31:01,2026-06-04,17:00,90,Padel 4,60.0,frei,6
2026-05-29T19:31:01,2026-06-04,17:00,120,Padel 4,80.0,frei,6
2026-05-29T19:31:01,2026-06-04,17:30,60,Padel 4,40.0,frei,6
2026-05-29T19:31:01,2026-06-04,17:30,90,Padel 4,60.0,frei,6
2026-05-29T19:31:01,2026-06-04,17:30,120,Padel 4,80.0,frei,6
2026-05-29T19:31:01,2026-06-04,18:00,60,Padel 4,40.0,frei,6
2026-05-29T19:31:01,2026-06-04,18:00,90,Padel 4,60.0,frei,6
2026-05-29T19:31:01,2026-06-04,18:00,120,Padel 4,80.0,frei,6
2026-05-29T19:31:01,2026-06-04,18:30,60,Padel 4,40.0,frei,6
2026-05-29T19:31:01,2026-06-04,18:30,90,Padel 4,60.0,frei,6
2026-05-29T19:31:01,2026-06-04,18:30,120,Padel 4,80.0,frei,6
2026-05-29T19:31:01,2026-06-04,19:00,60,Padel 4,40.0,frei,6
2026-05-29T19:31:01,2026-06-04,19:00,90,Padel 4,60.0,frei,6
2026-05-29T19:31:01,2026-06-04,19:00,120,Padel 4,80.0,frei,6
2026-05-29T19:31:01,2026-06-04,19:30,60,Padel 4,40.0,frei,6
2026-05-29T19:31:01,2026-06-04,19:30,90,Padel 4,60.0,frei,6
2026-05-29T19:31:01,2026-06-04,19:30,120,Padel 4,80.0,frei,6
2026-05-29T19:31:01,2026-06-04,20:00,60,Padel 4,40.0,frei,6
2026-05-29T19:31:01,2026-06-04,20:00,90,Padel 4,60.0,frei,6
2026-05-29T19:31:01,2026-06-04,20:00,120,Padel 4,80.0,frei,6
2026-05-29T19:31:01,2026-06-04,20:30,60,Padel 4,40.0,frei,6
2026-05-29T19:31:01,2026-06-04,20:30,90,Padel 4,60.0,frei,6
2026-05-29T19:31:01,2026-06-04,21:00,60,Padel 4,40.0,frei,6
2026-05-29T19:31:01,2026-06-04,21:00,120,Padel 4,80.0,frei,6
2026-05-29T19:31:01,2026-06-04,21:30,90,Padel 4,60.0,frei,6
2026-05-29T19:31:01,2026-06-04,22:00,60,Padel 4,40.0,frei,6
2026-05-29T19:31:01,2026-06-04,08:00,60,Padel 1,24.0,frei,6
2026-05-29T19:31:01,2026-06-04,08:00,90,Padel 1,36.0,frei,6
2026-05-29T19:31:01,2026-06-04,08:00,120,Padel 1,48.0,frei,6
2026-05-29T19:31:01,2026-06-04,08:30,60,Padel 1,24.0,frei,6
2026-05-29T19:31:01,2026-06-04,08:30,90,Padel 1,36.0,frei,6
2026-05-29T19:31:01,2026-06-04,08:30,120,Padel 1,48.0,frei,6
2026-05-29T19:31:01,2026-06-04,09:00,60,Padel 1,24.0,frei,6
2026-05-29T19:31:01,2026-06-04,09:00,90,Padel 1,36.0,frei,6
2026-05-29T19:31:01,2026-06-04,09:00,120,Padel 1,48.0,frei,6
2026-05-29T19:31:01,2026-06-04,09:30,60,Padel 1,24.0,frei,6
2026-05-29T19:31:01,2026-06-04,09:30,90,Padel 1,36.0,frei,6
2026-05-29T19:31:01,2026-06-04,09:30,120,Padel 1,48.0,frei,6
2026-05-29T19:31:01,2026-06-04,10:00,60,Padel 1,24.0,frei,6
2026-05-29T19:31:01,2026-06-04,10:00,90,Padel 1,36.0,frei,6
2026-05-29T19:31:01,2026-06-04,10:00,120,Padel 1,48.0,frei,6
2026-05-29T19:31:01,2026-06-04,10:30,60,Padel 1,24.0,frei,6
2026-05-29T19:31:01,2026-06-04,10:30,90,Padel 1,36.0,frei,6
2026-05-29T19:31:01,2026-06-04,10:30,120,Padel 1,48.0,frei,6
2026-05-29T19:31:01,2026-06-04,11:00,60,Padel 1,24.0,frei,6
2026-05-29T19:31:01,2026-06-04,11:00,90,Padel 1,36.0,frei,6
2026-05-29T19:31:01,2026-06-04,11:00,120,Padel 1,48.0,frei,6
2026-05-29T19:31:01,2026-06-04,11:30,60,Padel 1,24.0,frei,6
2026-05-29T19:31:01,2026-06-04,11:30,90,Padel 1,36.0,frei,6
2026-05-29T19:31:01,2026-06-04,11:30,120,Padel 1,48.0,frei,6
2026-05-29T19:31:01,2026-06-04,12:00,60,Padel 1,24.0,frei,6
2026-05-29T19:31:01,2026-06-04,12:00,90,Padel 1,36.0,frei,6
2026-05-29T19:31:01,2026-06-04,12:00,120,Padel 1,48.0,frei,6
2026-05-29T19:31:01,2026-06-04,12:30,60,Padel 1,24.0,frei,6
2026-05-29T19:31:01,2026-06-04,12:30,90,Padel 1,36.0,frei,6
2026-05-29T19:31:01,2026-06-04,12:30,120,Padel 1,48.0,frei,6
2026-05-29T19:31:01,2026-06-04,13:00,60,Padel 1,24.0,frei,6
2026-05-29T19:31:01,2026-06-04,13:00,90,Padel 1,36.0,frei,6
2026-05-29T19:31:01,2026-06-04,13:00,120,Padel 1,48.0,frei,6
2026-05-29T19:31:01,2026-06-04,13:30,60,Padel 1,24.0,frei,6
2026-05-29T19:31:01,2026-06-04,13:30,90,Padel 1,36.0,frei,6
2026-05-29T19:31:01,2026-06-04,13:30,120,Padel 1,48.0,frei,6
2026-05-29T19:31:01,2026-06-04,14:00,60,Padel 1,24.0,frei,6
2026-05-29T19:31:01,2026-06-04,14:00,90,Padel 1,36.0,frei,6
2026-05-29T19:31:01,2026-06-04,14:00,120,Padel 1,48.0,frei,6
2026-05-29T19:31:01,2026-06-04,14:30,60,Padel 1,24.0,frei,6
2026-05-29T19:31:01,2026-06-04,14:30,90,Padel 1,36.0,frei,6
2026-05-29T19:31:01,2026-06-04,14:30,120,Padel 1,56.0,frei,6
2026-05-29T19:31:01,2026-06-04,15:00,60,Padel 1,24.0,frei,6
2026-05-29T19:31:01,2026-06-04,15:00,90,Padel 1,44.0,frei,6
2026-05-29T19:31:01,2026-06-04,15:00,120,Padel 1,64.0,frei,6
2026-05-29T19:31:01,2026-06-04,15:30,60,Padel 1,32.0,frei,6
2026-05-29T19:31:01,2026-06-04,15:30,90,Padel 1,52.0,frei,6
2026-05-29T19:31:01,2026-06-04,16:00,60,Padel 1,40.0,frei,6
2026-05-29T19:31:01,2026-06-04,16:00,120,Padel 1,80.0,frei,6
2026-05-29T19:31:01,2026-06-04,16:30,90,Padel 1,60.0,frei,6
2026-05-29T19:31:01,2026-06-04,17:00,60,Padel 1,40.0,frei,6
2026-05-29T19:31:01,2026-06-04,20:00,60,Padel 1,40.0,frei,6
2026-05-29T19:31:01,2026-06-04,20:00,90,Padel 1,60.0,frei,6
2026-05-29T19:31:01,2026-06-04,20:00,120,Padel 1,80.0,frei,6
2026-05-29T19:31:01,2026-06-04,21:00,60,Padel 1,40.0,frei,6
2026-05-29T19:31:01,2026-06-04,21:00,120,Padel 1,80.0,frei,6
2026-05-29T19:31:01,2026-06-04,21:30,90,Padel 1,60.0,frei,6
2026-05-29T19:31:01,2026-06-04,22:00,60,Padel 1,40.0,frei,6
2026-05-29T19:31:01,2026-06-05,08:00,60,Padel 2,24.0,frei,7
2026-05-29T19:31:01,2026-06-05,08:00,90,Padel 2,36.0,frei,7
2026-05-29T19:31:01,2026-06-05,08:00,120,Padel 2,48.0,frei,7
2026-05-29T19:31:01,2026-06-05,08:30,60,Padel 2,24.0,frei,7
2026-05-29T19:31:01,2026-06-05,08:30,90,Padel 2,36.0,frei,7
2026-05-29T19:31:01,2026-06-05,09:00,60,Padel 2,24.0,frei,7
2026-05-29T19:31:01,2026-06-05,09:00,120,Padel 2,48.0,frei,7
2026-05-29T19:31:01,2026-06-05,09:30,90,Padel 2,36.0,frei,7
2026-05-29T19:31:01,2026-06-05,10:00,60,Padel 2,24.0,frei,7
2026-05-29T19:31:01,2026-06-05,13:00,60,Padel 2,24.0,frei,7
2026-05-29T19:31:01,2026-06-05,13:00,90,Padel 2,36.0,frei,7
2026-05-29T19:31:01,2026-06-05,13:00,120,Padel 2,48.0,frei,7
2026-05-29T19:31:01,2026-06-05,14:00,60,Padel 2,24.0,frei,7
2026-05-29T19:31:01,2026-06-05,14:00,90,Padel 2,36.0,frei,7
2026-05-29T19:31:01,2026-06-05,14:00,120,Padel 2,48.0,frei,7
2026-05-29T19:31:01,2026-06-05,14:30,60,Padel 2,24.0,frei,7
2026-05-29T19:31:01,2026-06-05,14:30,90,Padel 2,36.0,frei,7
2026-05-29T19:31:01,2026-06-05,14:30,120,Padel 2,56.0,frei,7
2026-05-29T19:31:01,2026-06-05,15:00,60,Padel 2,24.0,frei,7
2026-05-29T19:31:01,2026-06-05,15:00,90,Padel 2,44.0,frei,7
2026-05-29T19:31:01,2026-06-05,15:00,120,Padel 2,64.0,frei,7
2026-05-29T19:31:01,2026-06-05,15:30,60,Padel 2,32.0,frei,7
2026-05-29T19:31:01,2026-06-05,15:30,90,Padel 2,52.0,frei,7
2026-05-29T19:31:01,2026-06-05,15:30,120,Padel 2,72.0,frei,7
2026-05-29T19:31:01,2026-06-05,16:00,60,Padel 2,40.0,frei,7
2026-05-29T19:31:01,2026-06-05,16:00,90,Padel 2,60.0,frei,7
2026-05-29T19:31:01,2026-06-05,16:00,120,Padel 2,80.0,frei,7
2026-05-29T19:31:01,2026-06-05,16:30,60,Padel 2,40.0,frei,7
2026-05-29T19:31:01,2026-06-05,16:30,90,Padel 2,60.0,frei,7
2026-05-29T19:31:01,2026-06-05,16:30,120,Padel 2,80.0,frei,7
2026-05-29T19:31:01,2026-06-05,17:00,60,Padel 2,40.0,frei,7
2026-05-29T19:31:01,2026-06-05,17:00,90,Padel 2,60.0,frei,7
2026-05-29T19:31:01,2026-06-05,17:30,60,Padel 2,40.0,frei,7
2026-05-29T19:31:01,2026-06-05,17:30,120,Padel 2,80.0,frei,7
2026-05-29T19:31:01,2026-06-05,18:00,90,Padel 2,60.0,frei,7
2026-05-29T19:31:01,2026-06-05,18:30,60,Padel 2,40.0,frei,7
2026-05-29T19:31:01,2026-06-05,21:00,60,Padel 2,40.0,frei,7
2026-05-29T19:31:01,2026-06-05,21:00,120,Padel 2,80.0,frei,7
2026-05-29T19:31:01,2026-06-05,22:00,60,Padel 2,40.0,frei,7
2026-05-29T19:31:01,2026-06-05,08:00,60,Padel 4,24.0,frei,7
2026-05-29T19:31:01,2026-06-05,08:00,90,Padel 4,36.0,frei,7
2026-05-29T19:31:01,2026-06-05,08:00,120,Padel 4,48.0,frei,7
2026-05-29T19:31:01,2026-06-05,08:30,60,Padel 4,24.0,frei,7
2026-05-29T19:31:01,2026-06-05,08:30,90,Padel 4,36.0,frei,7
2026-05-29T19:31:01,2026-06-05,08:30,120,Padel 4,48.0,frei,7
2026-05-29T19:31:01,2026-06-05,09:00,60,Padel 4,24.0,frei,7
2026-05-29T19:31:01,2026-06-05,09:00,90,Padel 4,36.0,frei,7
2026-05-29T19:31:01,2026-06-05,09:00,120,Padel 4,48.0,frei,7
2026-05-29T19:31:01,2026-06-05,09:30,60,Padel 4,24.0,frei,7
2026-05-29T19:31:01,2026-06-05,09:30,90,Padel 4,36.0,frei,7
2026-05-29T19:31:01,2026-06-05,10:00,60,Padel 4,24.0,frei,7
2026-05-29T19:31:01,2026-06-05,10:00,120,Padel 4,48.0,frei,7
2026-05-29T19:31:01,2026-06-05,10:30,90,Padel 4,36.0,frei,7
2026-05-29T19:31:01,2026-06-05,11:00,60,Padel 4,24.0,frei,7
2026-05-29T19:31:01,2026-06-05,13:00,60,Padel 4,24.0,frei,7
2026-05-29T19:31:01,2026-06-05,13:00,90,Padel 4,36.0,frei,7
2026-05-29T19:31:01,2026-06-05,13:00,120,Padel 4,48.0,frei,7
2026-05-29T19:31:01,2026-06-05,14:00,60,Padel 4,24.0,frei,7
2026-05-29T19:31:01,2026-06-05,14:00,120,Padel 4,48.0,frei,7
2026-05-29T19:31:01,2026-06-05,14:30,90,Padel 4,36.0,frei,7
2026-05-29T19:31:01,2026-06-05,15:00,60,Padel 4,24.0,frei,7
2026-05-29T19:31:01,2026-06-05,17:30,60,Padel 4,40.0,frei,7
2026-05-29T19:31:01,2026-06-05,19:30,60,Padel 4,40.0,frei,7
2026-05-29T19:31:01,2026-06-05,19:30,90,Padel 4,60.0,frei,7
2026-05-29T19:31:01,2026-06-05,19:30,120,Padel 4,80.0,frei,7
2026-05-29T19:31:01,2026-06-05,20:30,60,Padel 4,40.0,frei,7
2026-05-29T19:31:01,2026-06-05,20:30,90,Padel 4,60.0,frei,7
2026-05-29T19:31:01,2026-06-05,21:00,60,Padel 4,40.0,frei,7
2026-05-29T19:31:01,2026-06-05,21:00,120,Padel 4,80.0,frei,7
2026-05-29T19:31:01,2026-06-05,21:30,90,Padel 4,60.0,frei,7
2026-05-29T19:31:01,2026-06-05,22:00,60,Padel 4,40.0,frei,7
2026-05-29T19:31:01,2026-06-05,08:00,60,Padel 1,24.0,frei,7
2026-05-29T19:31:01,2026-06-05,08:00,90,Padel 1,36.0,frei,7
2026-05-29T19:31:01,2026-06-05,08:00,120,Padel 1,48.0,frei,7
2026-05-29T19:31:01,2026-06-05,08:30,60,Padel 1,24.0,frei,7
2026-05-29T19:31:01,2026-06-05,08:30,90,Padel 1,36.0,frei,7
2026-05-29T19:31:01,2026-06-05,08:30,120,Padel 1,48.0,frei,7
2026-05-29T19:31:01,2026-06-05,09:00,60,Padel 1,24.0,frei,7
2026-05-29T19:31:01,2026-06-05,09:00,90,Padel 1,36.0,frei,7
2026-05-29T19:31:01,2026-06-05,09:00,120,Padel 1,48.0,frei,7
2026-05-29T19:31:01,2026-06-05,09:30,60,Padel 1,24.0,frei,7
2026-05-29T19:31:01,2026-06-05,09:30,90,Padel 1,36.0,frei,7
2026-05-29T19:31:01,2026-06-05,09:30,120,Padel 1,48.0,frei,7
2026-05-29T19:31:01,2026-06-05,10:00,60,Padel 1,24.0,frei,7
2026-05-29T19:31:01,2026-06-05,10:00,90,Padel 1,36.0,frei,7
2026-05-29T19:31:01,2026-06-05,10:00,120,Padel 1,48.0,frei,7
2026-05-29T19:31:01,2026-06-05,10:30,60,Padel 1,24.0,frei,7
2026-05-29T19:31:01,2026-06-05,10:30,90,Padel 1,36.0,frei,7
2026-05-29T19:31:01,2026-06-05,10:30,120,Padel 1,48.0,frei,7
2026-05-29T19:31:01,2026-06-05,11:00,60,Padel 1,24.0,frei,7
2026-05-29T19:31:01,2026-06-05,11:00,90,Padel 1,36.0,frei,7
2026-05-29T19:31:01,2026-06-05,11:00,120,Padel 1,48.0,frei,7
2026-05-29T19:31:01,2026-06-05,11:30,60,Padel 1,24.0,frei,7
2026-05-29T19:31:01,2026-06-05,11:30,90,Padel 1,36.0,frei,7
2026-05-29T19:31:01,2026-06-05,11:30,120,Padel 1,48.0,frei,7
2026-05-29T19:31:01,2026-06-05,12:00,60,Padel 1,24.0,frei,7
2026-05-29T19:31:01,2026-06-05,12:00,90,Padel 1,36.0,frei,7
2026-05-29T19:31:01,2026-06-05,12:00,120,Padel 1,48.0,frei,7
2026-05-29T19:31:01,2026-06-05,12:30,60,Padel 1,24.0,frei,7
2026-05-29T19:31:01,2026-06-05,12:30,90,Padel 1,36.0,frei,7
2026-05-29T19:31:01,2026-06-05,12:30,120,Padel 1,48.0,frei,7
2026-05-29T19:31:01,2026-06-05,13:00,60,Padel 1,24.0,frei,7
2026-05-29T19:31:01,2026-06-05,13:00,90,Padel 1,36.0,frei,7
2026-05-29T19:31:01,2026-06-05,13:00,120,Padel 1,48.0,frei,7
2026-05-29T19:31:01,2026-06-05,13:30,60,Padel 1,24.0,frei,7
2026-05-29T19:31:01,2026-06-05,13:30,90,Padel 1,36.0,frei,7
2026-05-29T19:31:01,2026-06-05,13:30,120,Padel 1,48.0,frei,7
2026-05-29T19:31:01,2026-06-05,14:00,60,Padel 1,24.0,frei,7
2026-05-29T19:31:01,2026-06-05,14:00,90,Padel 1,36.0,frei,7
2026-05-29T19:31:01,2026-06-05,14:00,120,Padel 1,48.0,frei,7
2026-05-29T19:31:01,2026-06-05,14:30,60,Padel 1,24.0,frei,7
2026-05-29T19:31:01,2026-06-05,14:30,90,Padel 1,36.0,frei,7
2026-05-29T19:31:01,2026-06-05,14:30,120,Padel 1,56.0,frei,7
2026-05-29T19:31:01,2026-06-05,15:00,60,Padel 1,24.0,frei,7
2026-05-29T19:31:01,2026-06-05,15:00,90,Padel 1,44.0,frei,7
2026-05-29T19:31:01,2026-06-05,15:30,60,Padel 1,32.0,frei,7
2026-05-29T19:31:01,2026-06-05,15:30,120,Padel 1,72.0,frei,7
2026-05-29T19:31:01,2026-06-05,16:00,90,Padel 1,60.0,frei,7
2026-05-29T19:31:01,2026-06-05,16:30,60,Padel 1,40.0,frei,7
2026-05-29T19:31:01,2026-06-05,19:00,60,Padel 1,40.0,frei,7
2026-05-29T19:31:01,2026-06-05,19:00,90,Padel 1,60.0,frei,7
2026-05-29T19:31:01,2026-06-05,19:00,120,Padel 1,80.0,frei,7
2026-05-29T19:31:01,2026-06-05,20:00,60,Padel 1,40.0,frei,7
2026-05-29T19:31:01,2026-06-05,20:00,90,Padel 1,60.0,frei,7
2026-05-29T19:31:01,2026-06-05,20:00,120,Padel 1,80.0,frei,7
2026-05-29T19:31:01,2026-06-05,20:30,60,Padel 1,40.0,frei,7
2026-05-29T19:31:01,2026-06-05,20:30,90,Padel 1,60.0,frei,7
2026-05-29T19:31:01,2026-06-05,21:00,60,Padel 1,40.0,frei,7
2026-05-29T19:31:01,2026-06-05,21:00,120,Padel 1,80.0,frei,7
2026-05-29T19:31:01,2026-06-05,21:30,90,Padel 1,60.0,frei,7
2026-05-29T19:31:01,2026-06-05,22:00,60,Padel 1,40.0,frei,7
2026-05-29T19:31:01,2026-06-05,08:00,60,Padel 3,24.0,frei,7
2026-05-29T19:31:01,2026-06-05,08:00,90,Padel 3,36.0,frei,7
2026-05-29T19:31:01,2026-06-05,08:00,120,Padel 3,48.0,frei,7
2026-05-29T19:31:01,2026-06-05,08:30,60,Padel 3,24.0,frei,7
2026-05-29T19:31:01,2026-06-05,08:30,90,Padel 3,36.0,frei,7
2026-05-29T19:31:01,2026-06-05,08:30,120,Padel 3,48.0,frei,7
2026-05-29T19:31:01,2026-06-05,09:00,60,Padel 3,24.0,frei,7
2026-05-29T19:31:01,2026-06-05,09:00,90,Padel 3,36.0,frei,7
2026-05-29T19:31:01,2026-06-05,09:00,120,Padel 3,48.0,frei,7
2026-05-29T19:31:01,2026-06-05,09:30,60,Padel 3,24.0,frei,7
2026-05-29T19:31:01,2026-06-05,09:30,90,Padel 3,36.0,frei,7
2026-05-29T19:31:01,2026-06-05,10:00,60,Padel 3,24.0,frei,7
2026-05-29T19:31:01,2026-06-05,10:00,120,Padel 3,48.0,frei,7
2026-05-29T19:31:01,2026-06-05,10:30,90,Padel 3,36.0,frei,7
2026-05-29T19:31:01,2026-06-05,11:00,60,Padel 3,24.0,frei,7
2026-05-29T19:31:01,2026-06-05,13:00,60,Padel 3,24.0,frei,7
2026-05-29T19:31:01,2026-06-05,13:00,90,Padel 3,36.0,frei,7
2026-05-29T19:31:01,2026-06-05,13:00,120,Padel 3,48.0,frei,7
2026-05-29T19:31:01,2026-06-05,14:00,60,Padel 3,24.0,frei,7
2026-05-29T19:31:01,2026-06-05,14:00,120,Padel 3,48.0,frei,7
2026-05-29T19:31:01,2026-06-05,14:30,90,Padel 3,36.0,frei,7
2026-05-29T19:31:01,2026-06-05,15:00,60,Padel 3,24.0,frei,7
2026-05-29T19:31:01,2026-06-05,17:30,60,Padel 3,40.0,frei,7
2026-05-29T19:31:01,2026-06-05,17:30,90,Padel 3,60.0,frei,7
2026-05-29T19:31:01,2026-06-05,17:30,120,Padel 3,80.0,frei,7
2026-05-29T19:31:01,2026-06-05,18:30,60,Padel 3,40.0,frei,7
2026-05-29T19:31:01,2026-06-05,18:30,90,Padel 3,60.0,frei,7
2026-05-29T19:31:01,2026-06-05,18:30,120,Padel 3,80.0,frei,7
2026-05-29T19:31:01,2026-06-05,19:00,60,Padel 3,40.0,frei,7
2026-05-29T19:31:01,2026-06-05,19:00,90,Padel 3,60.0,frei,7
2026-05-29T19:31:01,2026-06-05,19:00,120,Padel 3,80.0,frei,7
2026-05-29T19:31:01,2026-06-05,19:30,60,Padel 3,40.0,frei,7
2026-05-29T19:31:01,2026-06-05,19:30,90,Padel 3,60.0,frei,7
2026-05-29T19:31:01,2026-06-05,19:30,120,Padel 3,80.0,frei,7
2026-05-29T19:31:01,2026-06-05,20:00,60,Padel 3,40.0,frei,7
2026-05-29T19:31:01,2026-06-05,20:00,90,Padel 3,60.0,frei,7
2026-05-29T19:31:01,2026-06-05,20:00,120,Padel 3,80.0,frei,7
2026-05-29T19:31:01,2026-06-05,20:30,60,Padel 3,40.0,frei,7
2026-05-29T19:31:01,2026-06-05,20:30,90,Padel 3,60.0,frei,7
2026-05-29T19:31:01,2026-06-05,21:00,60,Padel 3,40.0,frei,7
2026-05-29T19:31:01,2026-06-05,21:00,120,Padel 3,80.0,frei,7
2026-05-29T19:31:01,2026-06-05,21:30,90,Padel 3,60.0,frei,7
2026-05-29T19:31:01,2026-06-05,22:00,60,Padel 3,40.0,frei,7
2026-05-29T19:31:01,2026-06-06,08:00,60,Padel 2,40.0,frei,8
2026-05-29T19:31:01,2026-06-06,08:00,90,Padel 2,60.0,frei,8
2026-05-29T19:31:01,2026-06-06,08:00,120,Padel 2,80.0,frei,8
2026-05-29T19:31:01,2026-06-06,08:30,60,Padel 2,40.0,frei,8
2026-05-29T19:31:01,2026-06-06,08:30,90,Padel 2,60.0,frei,8
2026-05-29T19:31:01,2026-06-06,08:30,120,Padel 2,80.0,frei,8
2026-05-29T19:31:01,2026-06-06,09:00,60,Padel 2,40.0,frei,8
2026-05-29T19:31:01,2026-06-06,09:00,90,Padel 2,60.0,frei,8
2026-05-29T19:31:01,2026-06-06,09:00,120,Padel 2,80.0,frei,8
2026-05-29T19:31:01,2026-06-06,09:30,60,Padel 2,40.0,frei,8
2026-05-29T19:31:01,2026-06-06,09:30,90,Padel 2,60.0,frei,8
2026-05-29T19:31:01,2026-06-06,09:30,120,Padel 2,80.0,frei,8
2026-05-29T19:31:01,2026-06-06,10:00,60,Padel 2,40.0,frei,8
2026-05-29T19:31:01,2026-06-06,10:00,90,Padel 2,60.0,frei,8
2026-05-29T19:31:01,2026-06-06,10:00,120,Padel 2,80.0,frei,8
2026-05-29T19:31:01,2026-06-06,10:30,60,Padel 2,40.0,frei,8
2026-05-29T19:31:01,2026-06-06,10:30,90,Padel 2,60.0,frei,8
2026-05-29T19:31:01,2026-06-06,10:30,120,Padel 2,80.0,frei,8
2026-05-29T19:31:01,2026-06-06,11:00,60,Padel 2,40.0,frei,8
2026-05-29T19:31:01,2026-06-06,11:00,90,Padel 2,60.0,frei,8
2026-05-29T19:31:01,2026-06-06,11:00,120,Padel 2,80.0,frei,8
2026-05-29T19:31:01,2026-06-06,11:30,60,Padel 2,40.0,frei,8
2026-05-29T19:31:01,2026-06-06,11:30,90,Padel 2,60.0,frei,8
2026-05-29T19:31:01,2026-06-06,11:30,120,Padel 2,80.0,frei,8
2026-05-29T19:31:01,2026-06-06,12:00,60,Padel 2,40.0,frei,8
2026-05-29T19:31:01,2026-06-06,12:00,90,Padel 2,60.0,frei,8
2026-05-29T19:31:01,2026-06-06,12:00,120,Padel 2,80.0,frei,8
2026-05-29T19:31:01,2026-06-06,12:30,60,Padel 2,40.0,frei,8
2026-05-29T19:31:01,2026-06-06,12:30,90,Padel 2,60.0,frei,8
2026-05-29T19:31:01,2026-06-06,12:30,120,Padel 2,80.0,frei,8
2026-05-29T19:31:01,2026-06-06,13:00,60,Padel 2,40.0,frei,8
2026-05-29T19:31:01,2026-06-06,13:00,90,Padel 2,60.0,frei,8
2026-05-29T19:31:01,2026-06-06,13:00,120,Padel 2,80.0,frei,8
2026-05-29T19:31:01,2026-06-06,13:30,60,Padel 2,40.0,frei,8
2026-05-29T19:31:01,2026-06-06,13:30,90,Padel 2,60.0,frei,8
2026-05-29T19:31:01,2026-06-06,13:30,120,Padel 2,80.0,frei,8
2026-05-29T19:31:01,2026-06-06,14:00,60,Padel 2,40.0,frei,8
2026-05-29T19:31:01,2026-06-06,14:00,90,Padel 2,60.0,frei,8
2026-05-29T19:31:01,2026-06-06,14:00,120,Padel 2,80.0,frei,8
2026-05-29T19:31:01,2026-06-06,14:30,60,Padel 2,40.0,frei,8
2026-05-29T19:31:01,2026-06-06,14:30,90,Padel 2,60.0,frei,8
2026-05-29T19:31:01,2026-06-06,14:30,120,Padel 2,80.0,frei,8
2026-05-29T19:31:01,2026-06-06,15:00,60,Padel 2,40.0,frei,8
2026-05-29T19:31:01,2026-06-06,15:00,90,Padel 2,60.0,frei,8
2026-05-29T19:31:01,2026-06-06,15:00,120,Padel 2,80.0,frei,8
2026-05-29T19:31:01,2026-06-06,15:30,60,Padel 2,40.0,frei,8
2026-05-29T19:31:01,2026-06-06,15:30,90,Padel 2,60.0,frei,8
2026-05-29T19:31:01,2026-06-06,15:30,120,Padel 2,80.0,frei,8
2026-05-29T19:31:01,2026-06-06,16:00,60,Padel 2,40.0,frei,8
2026-05-29T19:31:01,2026-06-06,16:00,90,Padel 2,60.0,frei,8
2026-05-29T19:31:01,2026-06-06,16:00,120,Padel 2,80.0,frei,8
2026-05-29T19:31:01,2026-06-06,16:30,60,Padel 2,40.0,frei,8
2026-05-29T19:31:01,2026-06-06,16:30,90,Padel 2,60.0,frei,8
2026-05-29T19:31:01,2026-06-06,16:30,120,Padel 2,80.0,frei,8
2026-05-29T19:31:01,2026-06-06,17:00,60,Padel 2,40.0,frei,8
2026-05-29T19:31:01,2026-06-06,17:00,90,Padel 2,60.0,frei,8
2026-05-29T19:31:01,2026-06-06,17:00,120,Padel 2,80.0,frei,8
2026-05-29T19:31:01,2026-06-06,17:30,60,Padel 2,40.0,frei,8
2026-05-29T19:31:01,2026-06-06,17:30,90,Padel 2,60.0,frei,8
2026-05-29T19:31:01,2026-06-06,17:30,120,Padel 2,80.0,frei,8
2026-05-29T19:31:01,2026-06-06,18:00,60,Padel 2,40.0,frei,8
2026-05-29T19:31:01,2026-06-06,18:00,90,Padel 2,60.0,frei,8
2026-05-29T19:31:01,2026-06-06,18:00,120,Padel 2,80.0,frei,8
2026-05-29T19:31:01,2026-06-06,18:30,60,Padel 2,40.0,frei,8
2026-05-29T19:31:01,2026-06-06,18:30,90,Padel 2,60.0,frei,8
2026-05-29T19:31:01,2026-06-06,18:30,120,Padel 2,80.0,frei,8
2026-05-29T19:31:01,2026-06-06,19:00,60,Padel 2,40.0,frei,8
2026-05-29T19:31:01,2026-06-06,19:00,90,Padel 2,60.0,frei,8
2026-05-29T19:31:01,2026-06-06,19:00,120,Padel 2,80.0,frei,8
2026-05-29T19:31:01,2026-06-06,19:30,60,Padel 2,40.0,frei,8
2026-05-29T19:31:01,2026-06-06,19:30,90,Padel 2,60.0,frei,8
2026-05-29T19:31:01,2026-06-06,19:30,120,Padel 2,80.0,frei,8
2026-05-29T19:31:01,2026-06-06,20:00,60,Padel 2,40.0,frei,8
2026-05-29T19:31:01,2026-06-06,20:00,90,Padel 2,60.0,frei,8
2026-05-29T19:31:01,2026-06-06,20:00,120,Padel 2,80.0,frei,8
2026-05-29T19:31:01,2026-06-06,20:30,60,Padel 2,40.0,frei,8
2026-05-29T19:31:01,2026-06-06,20:30,90,Padel 2,60.0,frei,8
2026-05-29T19:31:01,2026-06-06,21:00,60,Padel 2,40.0,frei,8
2026-05-29T19:31:01,2026-06-06,21:00,120,Padel 2,80.0,frei,8
2026-05-29T19:31:01,2026-06-06,21:30,90,Padel 2,60.0,frei,8
2026-05-29T19:31:01,2026-06-06,22:00,60,Padel 2,40.0,frei,8
2026-05-29T19:31:01,2026-06-06,08:00,60,Padel 4,40.0,frei,8
2026-05-29T19:31:01,2026-06-06,08:00,120,Padel 4,80.0,frei,8
2026-05-29T19:31:01,2026-06-06,08:30,90,Padel 4,60.0,frei,8
2026-05-29T19:31:01,2026-06-06,09:00,60,Padel 4,40.0,frei,8
2026-05-29T19:31:01,2026-06-06,11:30,60,Padel 4,40.0,frei,8
2026-05-29T19:31:01,2026-06-06,11:30,90,Padel 4,60.0,frei,8
2026-05-29T19:31:01,2026-06-06,11:30,120,Padel 4,80.0,frei,8
2026-05-29T19:31:01,2026-06-06,12:30,60,Padel 4,40.0,frei,8
2026-05-29T19:31:01,2026-06-06,12:30,90,Padel 4,60.0,frei,8
2026-05-29T19:31:01,2026-06-06,12:30,120,Padel 4,80.0,frei,8
2026-05-29T19:31:01,2026-06-06,13:00,60,Padel 4,40.0,frei,8
2026-05-29T19:31:01,2026-06-06,13:00,90,Padel 4,60.0,frei,8
2026-05-29T19:31:01,2026-06-06,13:00,120,Padel 4,80.0,frei,8
2026-05-29T19:31:01,2026-06-06,13:30,60,Padel 4,40.0,frei,8
2026-05-29T19:31:01,2026-06-06,13:30,90,Padel 4,60.0,frei,8
2026-05-29T19:31:01,2026-06-06,13:30,120,Padel 4,80.0,frei,8
2026-05-29T19:31:01,2026-06-06,14:00,60,Padel 4,40.0,frei,8
2026-05-29T19:31:01,2026-06-06,14:00,90,Padel 4,60.0,frei,8
2026-05-29T19:31:01,2026-06-06,14:00,120,Padel 4,80.0,frei,8
2026-05-29T19:31:01,2026-06-06,14:30,60,Padel 4,40.0,frei,8
2026-05-29T19:31:01,2026-06-06,14:30,90,Padel 4,60.0,frei,8
2026-05-29T19:31:01,2026-06-06,14:30,120,Padel 4,80.0,frei,8
2026-05-29T19:31:01,2026-06-06,15:00,60,Padel 4,40.0,frei,8
2026-05-29T19:31:01,2026-06-06,15:00,90,Padel 4,60.0,frei,8
2026-05-29T19:31:01,2026-06-06,15:00,120,Padel 4,80.0,frei,8
2026-05-29T19:31:01,2026-06-06,15:30,60,Padel 4,40.0,frei,8
2026-05-29T19:31:01,2026-06-06,15:30,90,Padel 4,60.0,frei,8
2026-05-29T19:31:01,2026-06-06,15:30,120,Padel 4,80.0,frei,8
2026-05-29T19:31:01,2026-06-06,16:00,60,Padel 4,40.0,frei,8
2026-05-29T19:31:01,2026-06-06,16:00,90,Padel 4,60.0,frei,8
2026-05-29T19:31:01,2026-06-06,16:00,120,Padel 4,80.0,frei,8
2026-05-29T19:31:01,2026-06-06,16:30,60,Padel 4,40.0,frei,8
2026-05-29T19:31:01,2026-06-06,16:30,90,Padel 4,60.0,frei,8
2026-05-29T19:31:01,2026-06-06,16:30,120,Padel 4,80.0,frei,8
2026-05-29T19:31:01,2026-06-06,17:00,60,Padel 4,40.0,frei,8
2026-05-29T19:31:01,2026-06-06,17:00,90,Padel 4,60.0,frei,8
2026-05-29T19:31:01,2026-06-06,17:00,120,Padel 4,80.0,frei,8
2026-05-29T19:31:01,2026-06-06,17:30,60,Padel 4,40.0,frei,8
2026-05-29T19:31:01,2026-06-06,17:30,90,Padel 4,60.0,frei,8
2026-05-29T19:31:01,2026-06-06,17:30,120,Padel 4,80.0,frei,8
2026-05-29T19:31:01,2026-06-06,18:00,60,Padel 4,40.0,frei,8
2026-05-29T19:31:01,2026-06-06,18:00,90,Padel 4,60.0,frei,8
2026-05-29T19:31:01,2026-06-06,18:00,120,Padel 4,80.0,frei,8
2026-05-29T19:31:01,2026-06-06,18:30,60,Padel 4,40.0,frei,8
2026-05-29T19:31:01,2026-06-06,18:30,90,Padel 4,60.0,frei,8
2026-05-29T19:31:01,2026-06-06,18:30,120,Padel 4,80.0,frei,8
2026-05-29T19:31:01,2026-06-06,19:00,60,Padel 4,40.0,frei,8
2026-05-29T19:31:01,2026-06-06,19:00,90,Padel 4,60.0,frei,8
2026-05-29T19:31:01,2026-06-06,19:30,60,Padel 4,40.0,frei,8
2026-05-29T19:31:01,2026-06-06,19:30,120,Padel 4,80.0,frei,8
2026-05-29T19:31:01,2026-06-06,20:00,90,Padel 4,60.0,frei,8
2026-05-29T19:31:01,2026-06-06,20:30,60,Padel 4,40.0,frei,8
2026-05-29T19:31:01,2026-06-06,08:00,60,Padel 1,40.0,frei,8
2026-05-29T19:31:01,2026-06-06,08:00,120,Padel 1,80.0,frei,8
2026-05-29T19:31:01,2026-06-06,08:30,90,Padel 1,60.0,frei,8
2026-05-29T19:31:01,2026-06-06,09:00,60,Padel 1,40.0,frei,8
2026-05-29T19:31:01,2026-06-06,11:30,60,Padel 1,40.0,frei,8
2026-05-29T19:31:01,2026-06-06,11:30,90,Padel 1,60.0,frei,8
2026-05-29T19:31:01,2026-06-06,12:30,90,Padel 1,60.0,frei,8
2026-05-29T19:31:01,2026-06-06,13:00,60,Padel 1,40.0,frei,8
2026-05-29T19:31:01,2026-06-06,15:00,60,Padel 1,40.0,frei,8
2026-05-29T19:31:01,2026-06-06,15:00,90,Padel 1,60.0,frei,8
2026-05-29T19:31:01,2026-06-06,15:00,120,Padel 1,80.0,frei,8
2026-05-29T19:31:01,2026-06-06,16:00,60,Padel 1,40.0,frei,8
2026-05-29T19:31:01,2026-06-06,16:00,90,Padel 1,60.0,frei,8
2026-05-29T19:31:01,2026-06-06,16:00,120,Padel 1,80.0,frei,8
2026-05-29T19:31:01,2026-06-06,16:30,60,Padel 1,40.0,frei,8
2026-05-29T19:31:01,2026-06-06,16:30,90,Padel 1,60.0,frei,8
2026-05-29T19:31:01,2026-06-06,16:30,120,Padel 1,80.0,frei,8
2026-05-29T19:31:01,2026-06-06,17:00,60,Padel 1,40.0,frei,8
2026-05-29T19:31:01,2026-06-06,17:00,90,Padel 1,60.0,frei,8
2026-05-29T19:31:01,2026-06-06,17:00,120,Padel 1,80.0,frei,8
2026-05-29T19:31:01,2026-06-06,17:30,60,Padel 1,40.0,frei,8
2026-05-29T19:31:01,2026-06-06,17:30,90,Padel 1,60.0,frei,8
2026-05-29T19:31:01,2026-06-06,17:30,120,Padel 1,80.0,frei,8
2026-05-29T19:31:01,2026-06-06,18:00,60,Padel 1,40.0,frei,8
2026-05-29T19:31:01,2026-06-06,18:00,90,Padel 1,60.0,frei,8
2026-05-29T19:31:01,2026-06-06,18:00,120,Padel 1,80.0,frei,8
2026-05-29T19:31:01,2026-06-06,18:30,60,Padel 1,40.0,frei,8
2026-05-29T19:31:01,2026-06-06,18:30,90,Padel 1,60.0,frei,8
2026-05-29T19:31:01,2026-06-06,18:30,120,Padel 1,80.0,frei,8
2026-05-29T19:31:01,2026-06-06,19:00,60,Padel 1,40.0,frei,8
2026-05-29T19:31:01,2026-06-06,19:00,90,Padel 1,60.0,frei,8
2026-05-29T19:31:01,2026-06-06,19:00,120,Padel 1,80.0,frei,8
2026-05-29T19:31:01,2026-06-06,19:30,60,Padel 1,40.0,frei,8
2026-05-29T19:31:01,2026-06-06,19:30,90,Padel 1,60.0,frei,8
2026-05-29T19:31:01,2026-06-06,19:30,120,Padel 1,80.0,frei,8
2026-05-29T19:31:01,2026-06-06,20:00,60,Padel 1,40.0,frei,8
2026-05-29T19:31:01,2026-06-06,20:00,90,Padel 1,60.0,frei,8
2026-05-29T19:31:01,2026-06-06,20:00,120,Padel 1,80.0,frei,8
2026-05-29T19:31:01,2026-06-06,20:30,60,Padel 1,40.0,frei,8
2026-05-29T19:31:01,2026-06-06,20:30,90,Padel 1,60.0,frei,8
2026-05-29T19:31:01,2026-06-06,21:00,60,Padel 1,40.0,frei,8
2026-05-29T19:31:01,2026-06-06,21:00,120,Padel 1,80.0,frei,8
2026-05-29T19:31:01,2026-06-06,21:30,90,Padel 1,60.0,frei,8
2026-05-29T19:31:01,2026-06-06,22:00,60,Padel 1,40.0,frei,8
2026-05-29T19:31:01,2026-06-06,08:00,60,Padel 3,40.0,frei,8
2026-05-29T19:31:01,2026-06-06,08:00,90,Padel 3,60.0,frei,8
2026-05-29T19:31:01,2026-06-06,08:00,120,Padel 3,80.0,frei,8
2026-05-29T19:31:01,2026-06-06,08:30,60,Padel 3,40.0,frei,8
2026-05-29T19:31:01,2026-06-06,08:30,90,Padel 3,60.0,frei,8
2026-05-29T19:31:01,2026-06-06,08:30,120,Padel 3,80.0,frei,8
2026-05-29T19:31:01,2026-06-06,09:00,60,Padel 3,40.0,frei,8
2026-05-29T19:31:01,2026-06-06,09:00,90,Padel 3,60.0,frei,8
2026-05-29T19:31:01,2026-06-06,09:00,120,Padel 3,80.0,frei,8
2026-05-29T19:31:01,2026-06-06,09:30,60,Padel 3,40.0,frei,8
2026-05-29T19:31:01,2026-06-06,09:30,90,Padel 3,60.0,frei,8
2026-05-29T19:31:01,2026-06-06,09:30,120,Padel 3,80.0,frei,8
2026-05-29T19:31:01,2026-06-06,10:00,60,Padel 3,40.0,frei,8
2026-05-29T19:31:01,2026-06-06,10:00,90,Padel 3,60.0,frei,8
2026-05-29T19:31:01,2026-06-06,10:00,120,Padel 3,80.0,frei,8
2026-05-29T19:31:01,2026-06-06,10:30,60,Padel 3,40.0,frei,8
2026-05-29T19:31:01,2026-06-06,10:30,90,Padel 3,60.0,frei,8
2026-05-29T19:31:01,2026-06-06,10:30,120,Padel 3,80.0,frei,8
2026-05-29T19:31:01,2026-06-06,11:00,60,Padel 3,40.0,frei,8
2026-05-29T19:31:01,2026-06-06,11:00,90,Padel 3,60.0,frei,8
2026-05-29T19:31:01,2026-06-06,11:00,120,Padel 3,80.0,frei,8
2026-05-29T19:31:01,2026-06-06,11:30,60,Padel 3,40.0,frei,8
2026-05-29T19:31:01,2026-06-06,11:30,90,Padel 3,60.0,frei,8
2026-05-29T19:31:01,2026-06-06,11:30,120,Padel 3,80.0,frei,8
2026-05-29T19:31:01,2026-06-06,12:00,60,Padel 3,40.0,frei,8
2026-05-29T19:31:01,2026-06-06,12:00,90,Padel 3,60.0,frei,8
2026-05-29T19:31:01,2026-06-06,12:00,120,Padel 3,80.0,frei,8
2026-05-29T19:31:01,2026-06-06,12:30,60,Padel 3,40.0,frei,8
2026-05-29T19:31:01,2026-06-06,12:30,90,Padel 3,60.0,frei,8
2026-05-29T19:31:01,2026-06-06,12:30,120,Padel 3,80.0,frei,8
2026-05-29T19:31:01,2026-06-06,13:00,60,Padel 3,40.0,frei,8
2026-05-29T19:31:01,2026-06-06,13:00,90,Padel 3,60.0,frei,8
2026-05-29T19:31:01,2026-06-06,13:00,120,Padel 3,80.0,frei,8
2026-05-29T19:31:01,2026-06-06,13:30,60,Padel 3,40.0,frei,8
2026-05-29T19:31:01,2026-06-06,13:30,90,Padel 3,60.0,frei,8
2026-05-29T19:31:01,2026-06-06,13:30,120,Padel 3,80.0,frei,8
2026-05-29T19:31:01,2026-06-06,14:00,60,Padel 3,40.0,frei,8
2026-05-29T19:31:01,2026-06-06,14:00,90,Padel 3,60.0,frei,8
2026-05-29T19:31:01,2026-06-06,14:00,120,Padel 3,80.0,frei,8
2026-05-29T19:31:01,2026-06-06,14:30,60,Padel 3,40.0,frei,8
2026-05-29T19:31:01,2026-06-06,14:30,90,Padel 3,60.0,frei,8
2026-05-29T19:31:01,2026-06-06,14:30,120,Padel 3,80.0,frei,8
2026-05-29T19:31:01,2026-06-06,15:00,60,Padel 3,40.0,frei,8
2026-05-29T19:31:01,2026-06-06,15:00,90,Padel 3,60.0,frei,8
2026-05-29T19:31:01,2026-06-06,15:00,120,Padel 3,80.0,frei,8
2026-05-29T19:31:01,2026-06-06,15:30,60,Padel 3,40.0,frei,8
2026-05-29T19:31:01,2026-06-06,15:30,90,Padel 3,60.0,frei,8
2026-05-29T19:31:01,2026-06-06,15:30,120,Padel 3,80.0,frei,8
2026-05-29T19:31:01,2026-06-06,16:00,60,Padel 3,40.0,frei,8
2026-05-29T19:31:01,2026-06-06,16:00,90,Padel 3,60.0,frei,8
2026-05-29T19:31:01,2026-06-06,16:00,120,Padel 3,80.0,frei,8
2026-05-29T19:31:01,2026-06-06,16:30,60,Padel 3,40.0,frei,8
2026-05-29T19:31:01,2026-06-06,16:30,90,Padel 3,60.0,frei,8
2026-05-29T19:31:01,2026-06-06,16:30,120,Padel 3,80.0,frei,8
2026-05-29T19:31:01,2026-06-06,17:00,60,Padel 3,40.0,frei,8
2026-05-29T19:31:01,2026-06-06,17:00,90,Padel 3,60.0,frei,8
2026-05-29T19:31:01,2026-06-06,17:00,120,Padel 3,80.0,frei,8
2026-05-29T19:31:01,2026-06-06,17:30,60,Padel 3,40.0,frei,8
2026-05-29T19:31:01,2026-06-06,17:30,90,Padel 3,60.0,frei,8
2026-05-29T19:31:01,2026-06-06,17:30,120,Padel 3,80.0,frei,8
2026-05-29T19:31:01,2026-06-06,18:00,60,Padel 3,40.0,frei,8
2026-05-29T19:31:01,2026-06-06,18:00,90,Padel 3,60.0,frei,8
2026-05-29T19:31:01,2026-06-06,18:00,120,Padel 3,80.0,frei,8
2026-05-29T19:31:01,2026-06-06,18:30,60,Padel 3,40.0,frei,8
2026-05-29T19:31:01,2026-06-06,18:30,90,Padel 3,60.0,frei,8
2026-05-29T19:31:01,2026-06-06,18:30,120,Padel 3,80.0,frei,8
2026-05-29T19:31:01,2026-06-06,19:00,60,Padel 3,40.0,frei,8
2026-05-29T19:31:01,2026-06-06,19:00,90,Padel 3,60.0,frei,8
2026-05-29T19:31:01,2026-06-06,19:30,60,Padel 3,40.0,frei,8
2026-05-29T19:31:01,2026-06-06,19:30,120,Padel 3,80.0,frei,8
2026-05-29T19:31:01,2026-06-06,20:00,90,Padel 3,60.0,frei,8
2026-05-29T19:31:01,2026-06-06,20:30,60,Padel 3,40.0,frei,8
2026-05-29T19:31:01,2026-06-07,08:00,60,Padel 4,40.0,frei,9
2026-05-29T19:31:01,2026-06-07,08:00,90,Padel 4,60.0,frei,9
2026-05-29T19:31:01,2026-06-07,08:00,120,Padel 4,80.0,frei,9
2026-05-29T19:31:01,2026-06-07,08:30,60,Padel 4,40.0,frei,9
2026-05-29T19:31:01,2026-06-07,08:30,90,Padel 4,60.0,frei,9
2026-05-29T19:31:01,2026-06-07,08:30,120,Padel 4,80.0,frei,9
2026-05-29T19:31:01,2026-06-07,09:00,60,Padel 4,40.0,frei,9
2026-05-29T19:31:01,2026-06-07,09:00,90,Padel 4,60.0,frei,9
2026-05-29T19:31:01,2026-06-07,09:30,60,Padel 4,40.0,frei,9
2026-05-29T19:31:01,2026-06-07,09:30,120,Padel 4,80.0,frei,9
2026-05-29T19:31:01,2026-06-07,10:00,90,Padel 4,60.0,frei,9
2026-05-29T19:31:01,2026-06-07,10:30,60,Padel 4,40.0,frei,9
2026-05-29T19:31:01,2026-06-07,13:00,60,Padel 4,40.0,frei,9
2026-05-29T19:31:01,2026-06-07,13:00,90,Padel 4,60.0,frei,9
2026-05-29T19:31:01,2026-06-07,13:00,120,Padel 4,80.0,frei,9
2026-05-29T19:31:01,2026-06-07,14:00,60,Padel 4,40.0,frei,9
2026-05-29T19:31:01,2026-06-07,14:00,90,Padel 4,60.0,frei,9
2026-05-29T19:31:01,2026-06-07,14:00,120,Padel 4,80.0,frei,9
2026-05-29T19:31:01,2026-06-07,14:30,60,Padel 4,40.0,frei,9
2026-05-29T19:31:01,2026-06-07,14:30,90,Padel 4,60.0,frei,9
2026-05-29T19:31:01,2026-06-07,14:30,120,Padel 4,80.0,frei,9
2026-05-29T19:31:01,2026-06-07,15:00,60,Padel 4,40.0,frei,9
2026-05-29T19:31:01,2026-06-07,15:00,90,Padel 4,60.0,frei,9
2026-05-29T19:31:01,2026-06-07,15:00,120,Padel 4,80.0,frei,9
2026-05-29T19:31:01,2026-06-07,15:30,60,Padel 4,40.0,frei,9
2026-05-29T19:31:01,2026-06-07,15:30,90,Padel 4,60.0,frei,9
2026-05-29T19:31:01,2026-06-07,15:30,120,Padel 4,80.0,frei,9
2026-05-29T19:31:01,2026-06-07,16:00,60,Padel 4,40.0,frei,9
2026-05-29T19:31:01,2026-06-07,16:00,90,Padel 4,60.0,frei,9
2026-05-29T19:31:01,2026-06-07,16:00,120,Padel 4,80.0,frei,9
2026-05-29T19:31:01,2026-06-07,16:30,60,Padel 4,40.0,frei,9
2026-05-29T19:31:01,2026-06-07,16:30,90,Padel 4,60.0,frei,9
2026-05-29T19:31:01,2026-06-07,16:30,120,Padel 4,80.0,frei,9
2026-05-29T19:31:01,2026-06-07,17:00,60,Padel 4,40.0,frei,9
2026-05-29T19:31:01,2026-06-07,17:00,90,Padel 4,60.0,frei,9
2026-05-29T19:31:01,2026-06-07,17:00,120,Padel 4,80.0,frei,9
2026-05-29T19:31:01,2026-06-07,17:30,60,Padel 4,40.0,frei,9
2026-05-29T19:31:01,2026-06-07,17:30,90,Padel 4,60.0,frei,9
2026-05-29T19:31:01,2026-06-07,17:30,120,Padel 4,80.0,frei,9
2026-05-29T19:31:01,2026-06-07,18:00,60,Padel 4,40.0,frei,9
2026-05-29T19:31:01,2026-06-07,18:00,90,Padel 4,60.0,frei,9
2026-05-29T19:31:01,2026-06-07,18:00,120,Padel 4,80.0,frei,9
2026-05-29T19:31:01,2026-06-07,18:30,60,Padel 4,40.0,frei,9
2026-05-29T19:31:01,2026-06-07,18:30,90,Padel 4,60.0,frei,9
2026-05-29T19:31:01,2026-06-07,18:30,120,Padel 4,80.0,frei,9
2026-05-29T19:31:01,2026-06-07,19:00,60,Padel 4,40.0,frei,9
2026-05-29T19:31:01,2026-06-07,19:00,90,Padel 4,60.0,frei,9
2026-05-29T19:31:01,2026-06-07,19:00,120,Padel 4,80.0,frei,9
2026-05-29T19:31:01,2026-06-07,19:30,60,Padel 4,40.0,frei,9
2026-05-29T19:31:01,2026-06-07,19:30,90,Padel 4,60.0,frei,9
2026-05-29T19:31:01,2026-06-07,19:30,120,Padel 4,80.0,frei,9
2026-05-29T19:31:01,2026-06-07,20:00,60,Padel 4,40.0,frei,9
2026-05-29T19:31:01,2026-06-07,20:00,90,Padel 4,60.0,frei,9
2026-05-29T19:31:01,2026-06-07,20:00,120,Padel 4,80.0,frei,9
2026-05-29T19:31:01,2026-06-07,20:30,60,Padel 4,40.0,frei,9
2026-05-29T19:31:01,2026-06-07,20:30,90,Padel 4,60.0,frei,9
2026-05-29T19:31:01,2026-06-07,21:00,60,Padel 4,40.0,frei,9
2026-05-29T19:31:01,2026-06-07,21:00,120,Padel 4,80.0,frei,9
2026-05-29T19:31:01,2026-06-07,21:30,90,Padel 4,60.0,frei,9
2026-05-29T19:31:01,2026-06-07,22:00,60,Padel 4,40.0,frei,9
2026-05-29T19:31:01,2026-06-07,08:00,60,Padel 1,40.0,frei,9
2026-05-29T19:31:01,2026-06-07,08:00,90,Padel 1,60.0,frei,9
2026-05-29T19:31:01,2026-06-07,08:00,120,Padel 1,80.0,frei,9
2026-05-29T19:31:01,2026-06-07,08:30,60,Padel 1,40.0,frei,9
2026-05-29T19:31:01,2026-06-07,08:30,90,Padel 1,60.0,frei,9
2026-05-29T19:31:01,2026-06-07,08:30,120,Padel 1,80.0,frei,9
2026-05-29T19:31:01,2026-06-07,09:00,60,Padel 1,40.0,frei,9
2026-05-29T19:31:01,2026-06-07,09:00,90,Padel 1,60.0,frei,9
2026-05-29T19:31:01,2026-06-07,09:00,120,Padel 1,80.0,frei,9
2026-05-29T19:31:01,2026-06-07,09:30,60,Padel 1,40.0,frei,9
2026-05-29T19:31:01,2026-06-07,09:30,90,Padel 1,60.0,frei,9
2026-05-29T19:31:01,2026-06-07,09:30,120,Padel 1,80.0,frei,9
2026-05-29T19:31:01,2026-06-07,10:00,60,Padel 1,40.0,frei,9
2026-05-29T19:31:01,2026-06-07,10:00,90,Padel 1,60.0,frei,9
2026-05-29T19:31:01,2026-06-07,10:00,120,Padel 1,80.0,frei,9
2026-05-29T19:31:01,2026-06-07,10:30,60,Padel 1,40.0,frei,9
2026-05-29T19:31:01,2026-06-07,10:30,90,Padel 1,60.0,frei,9
2026-05-29T19:31:01,2026-06-07,10:30,120,Padel 1,80.0,frei,9
2026-05-29T19:31:01,2026-06-07,11:00,60,Padel 1,40.0,frei,9
2026-05-29T19:31:01,2026-06-07,11:00,90,Padel 1,60.0,frei,9
2026-05-29T19:31:01,2026-06-07,11:00,120,Padel 1,80.0,frei,9
2026-05-29T19:31:01,2026-06-07,11:30,60,Padel 1,40.0,frei,9
2026-05-29T19:31:01,2026-06-07,11:30,90,Padel 1,60.0,frei,9
2026-05-29T19:31:01,2026-06-07,11:30,120,Padel 1,80.0,frei,9
2026-05-29T19:31:01,2026-06-07,12:00,60,Padel 1,40.0,frei,9
2026-05-29T19:31:01,2026-06-07,12:00,90,Padel 1,60.0,frei,9
2026-05-29T19:31:01,2026-06-07,12:00,120,Padel 1,80.0,frei,9
2026-05-29T19:31:01,2026-06-07,12:30,60,Padel 1,40.0,frei,9
2026-05-29T19:31:01,2026-06-07,12:30,90,Padel 1,60.0,frei,9
2026-05-29T19:31:01,2026-06-07,12:30,120,Padel 1,80.0,frei,9
2026-05-29T19:31:01,2026-06-07,13:00,60,Padel 1,40.0,frei,9
2026-05-29T19:31:01,2026-06-07,13:00,90,Padel 1,60.0,frei,9
2026-05-29T19:31:01,2026-06-07,13:00,120,Padel 1,80.0,frei,9
2026-05-29T19:31:01,2026-06-07,13:30,60,Padel 1,40.0,frei,9
2026-05-29T19:31:01,2026-06-07,13:30,90,Padel 1,60.0,frei,9
2026-05-29T19:31:01,2026-06-07,13:30,120,Padel 1,80.0,frei,9
2026-05-29T19:31:01,2026-06-07,14:00,60,Padel 1,40.0,frei,9
2026-05-29T19:31:01,2026-06-07,14:00,90,Padel 1,60.0,frei,9
2026-05-29T19:31:01,2026-06-07,14:00,120,Padel 1,80.0,frei,9
2026-05-29T19:31:01,2026-06-07,14:30,60,Padel 1,40.0,frei,9
2026-05-29T19:31:01,2026-06-07,14:30,90,Padel 1,60.0,frei,9
2026-05-29T19:31:01,2026-06-07,14:30,120,Padel 1,80.0,frei,9
2026-05-29T19:31:01,2026-06-07,15:00,60,Padel 1,40.0,frei,9
2026-05-29T19:31:01,2026-06-07,15:00,90,Padel 1,60.0,frei,9
2026-05-29T19:31:01,2026-06-07,15:00,120,Padel 1,80.0,frei,9
2026-05-29T19:31:01,2026-06-07,15:30,60,Padel 1,40.0,frei,9
2026-05-29T19:31:01,2026-06-07,15:30,90,Padel 1,60.0,frei,9
2026-05-29T19:31:01,2026-06-07,15:30,120,Padel 1,80.0,frei,9
2026-05-29T19:31:01,2026-06-07,16:00,60,Padel 1,40.0,frei,9
2026-05-29T19:31:01,2026-06-07,16:00,90,Padel 1,60.0,frei,9
2026-05-29T19:31:01,2026-06-07,16:00,120,Padel 1,80.0,frei,9
2026-05-29T19:31:01,2026-06-07,16:30,60,Padel 1,40.0,frei,9
2026-05-29T19:31:01,2026-06-07,16:30,90,Padel 1,60.0,frei,9
2026-05-29T19:31:01,2026-06-07,16:30,120,Padel 1,80.0,frei,9
2026-05-29T19:31:01,2026-06-07,17:00,60,Padel 1,40.0,frei,9
2026-05-29T19:31:01,2026-06-07,17:00,90,Padel 1,60.0,frei,9
2026-05-29T19:31:01,2026-06-07,17:00,120,Padel 1,80.0,frei,9
2026-05-29T19:31:01,2026-06-07,17:30,60,Padel 1,40.0,frei,9
2026-05-29T19:31:01,2026-06-07,17:30,90,Padel 1,60.0,frei,9
2026-05-29T19:31:01,2026-06-07,17:30,120,Padel 1,80.0,frei,9
2026-05-29T19:31:01,2026-06-07,18:00,60,Padel 1,40.0,frei,9
2026-05-29T19:31:01,2026-06-07,18:00,90,Padel 1,60.0,frei,9
2026-05-29T19:31:01,2026-06-07,18:00,120,Padel 1,80.0,frei,9
2026-05-29T19:31:01,2026-06-07,18:30,60,Padel 1,40.0,frei,9
2026-05-29T19:31:01,2026-06-07,18:30,90,Padel 1,60.0,frei,9
2026-05-29T19:31:01,2026-06-07,18:30,120,Padel 1,80.0,frei,9
2026-05-29T19:31:01,2026-06-07,19:00,60,Padel 1,40.0,frei,9
2026-05-29T19:31:01,2026-06-07,19:00,90,Padel 1,60.0,frei,9
2026-05-29T19:31:01,2026-06-07,19:00,120,Padel 1,80.0,frei,9
2026-05-29T19:31:01,2026-06-07,19:30,60,Padel 1,40.0,frei,9
2026-05-29T19:31:01,2026-06-07,19:30,90,Padel 1,60.0,frei,9
2026-05-29T19:31:01,2026-06-07,19:30,120,Padel 1,80.0,frei,9
2026-05-29T19:31:01,2026-06-07,20:00,60,Padel 1,40.0,frei,9
2026-05-29T19:31:01,2026-06-07,20:00,90,Padel 1,60.0,frei,9
2026-05-29T19:31:01,2026-06-07,20:00,120,Padel 1,80.0,frei,9
2026-05-29T19:31:01,2026-06-07,20:30,60,Padel 1,40.0,frei,9
2026-05-29T19:31:01,2026-06-07,20:30,90,Padel 1,60.0,frei,9
2026-05-29T19:31:01,2026-06-07,21:00,60,Padel 1,40.0,frei,9
2026-05-29T19:31:01,2026-06-07,21:00,120,Padel 1,80.0,frei,9
2026-05-29T19:31:01,2026-06-07,21:30,90,Padel 1,60.0,frei,9
2026-05-29T19:31:01,2026-06-07,22:00,60,Padel 1,40.0,frei,9
2026-05-29T19:31:01,2026-06-07,08:00,60,Padel 3,40.0,frei,9
2026-05-29T19:31:01,2026-06-07,08:00,90,Padel 3,60.0,frei,9
2026-05-29T19:31:01,2026-06-07,08:00,120,Padel 3,80.0,frei,9
2026-05-29T19:31:01,2026-06-07,08:30,60,Padel 3,40.0,frei,9
2026-05-29T19:31:01,2026-06-07,08:30,90,Padel 3,60.0,frei,9
2026-05-29T19:31:01,2026-06-07,08:30,120,Padel 3,80.0,frei,9
2026-05-29T19:31:01,2026-06-07,09:00,60,Padel 3,40.0,frei,9
2026-05-29T19:31:01,2026-06-07,09:00,90,Padel 3,60.0,frei,9
2026-05-29T19:31:01,2026-06-07,09:00,120,Padel 3,80.0,frei,9
2026-05-29T19:31:01,2026-06-07,09:30,60,Padel 3,40.0,frei,9
2026-05-29T19:31:01,2026-06-07,09:30,90,Padel 3,60.0,frei,9
2026-05-29T19:31:01,2026-06-07,09:30,120,Padel 3,80.0,frei,9
2026-05-29T19:31:01,2026-06-07,10:00,60,Padel 3,40.0,frei,9
2026-05-29T19:31:01,2026-06-07,10:00,90,Padel 3,60.0,frei,9
2026-05-29T19:31:01,2026-06-07,10:00,120,Padel 3,80.0,frei,9
2026-05-29T19:31:01,2026-06-07,10:30,60,Padel 3,40.0,frei,9
2026-05-29T19:31:01,2026-06-07,10:30,90,Padel 3,60.0,frei,9
2026-05-29T19:31:01,2026-06-07,10:30,120,Padel 3,80.0,frei,9
2026-05-29T19:31:01,2026-06-07,11:00,60,Padel 3,40.0,frei,9
2026-05-29T19:31:01,2026-06-07,11:00,90,Padel 3,60.0,frei,9
2026-05-29T19:31:01,2026-06-07,11:00,120,Padel 3,80.0,frei,9
2026-05-29T19:31:01,2026-06-07,11:30,60,Padel 3,40.0,frei,9
2026-05-29T19:31:01,2026-06-07,11:30,90,Padel 3,60.0,frei,9
2026-05-29T19:31:01,2026-06-07,11:30,120,Padel 3,80.0,frei,9
2026-05-29T19:31:01,2026-06-07,12:00,60,Padel 3,40.0,frei,9
2026-05-29T19:31:01,2026-06-07,12:00,90,Padel 3,60.0,frei,9
2026-05-29T19:31:01,2026-06-07,12:00,120,Padel 3,80.0,frei,9
2026-05-29T19:31:01,2026-06-07,12:30,60,Padel 3,40.0,frei,9
2026-05-29T19:31:01,2026-06-07,12:30,90,Padel 3,60.0,frei,9
2026-05-29T19:31:01,2026-06-07,12:30,120,Padel 3,80.0,frei,9
2026-05-29T19:31:01,2026-06-07,13:00,60,Padel 3,40.0,frei,9
2026-05-29T19:31:01,2026-06-07,13:00,90,Padel 3,60.0,frei,9
2026-05-29T19:31:01,2026-06-07,13:00,120,Padel 3,80.0,frei,9
2026-05-29T19:31:01,2026-06-07,13:30,60,Padel 3,40.0,frei,9
2026-05-29T19:31:01,2026-06-07,13:30,90,Padel 3,60.0,frei,9
2026-05-29T19:31:01,2026-06-07,13:30,120,Padel 3,80.0,frei,9
2026-05-29T19:31:01,2026-06-07,14:00,60,Padel 3,40.0,frei,9
2026-05-29T19:31:01,2026-06-07,14:00,90,Padel 3,60.0,frei,9
2026-05-29T19:31:01,2026-06-07,14:00,120,Padel 3,80.0,frei,9
2026-05-29T19:31:01,2026-06-07,14:30,60,Padel 3,40.0,frei,9
2026-05-29T19:31:01,2026-06-07,14:30,90,Padel 3,60.0,frei,9
2026-05-29T19:31:01,2026-06-07,14:30,120,Padel 3,80.0,frei,9
2026-05-29T19:31:01,2026-06-07,15:00,60,Padel 3,40.0,frei,9
2026-05-29T19:31:01,2026-06-07,15:00,90,Padel 3,60.0,frei,9
2026-05-29T19:31:01,2026-06-07,15:00,120,Padel 3,80.0,frei,9
2026-05-29T19:31:01,2026-06-07,15:30,60,Padel 3,40.0,frei,9
2026-05-29T19:31:01,2026-06-07,15:30,90,Padel 3,60.0,frei,9
2026-05-29T19:31:01,2026-06-07,15:30,120,Padel 3,80.0,frei,9
2026-05-29T19:31:01,2026-06-07,16:00,60,Padel 3,40.0,frei,9
2026-05-29T19:31:01,2026-06-07,16:00,90,Padel 3,60.0,frei,9
2026-05-29T19:31:01,2026-06-07,16:00,120,Padel 3,80.0,frei,9
2026-05-29T19:31:01,2026-06-07,16:30,60,Padel 3,40.0,frei,9
2026-05-29T19:31:01,2026-06-07,16:30,90,Padel 3,60.0,frei,9
2026-05-29T19:31:01,2026-06-07,16:30,120,Padel 3,80.0,frei,9
2026-05-29T19:31:01,2026-06-07,17:00,60,Padel 3,40.0,frei,9
2026-05-29T19:31:01,2026-06-07,17:00,90,Padel 3,60.0,frei,9
2026-05-29T19:31:01,2026-06-07,17:00,120,Padel 3,80.0,frei,9
2026-05-29T19:31:01,2026-06-07,17:30,60,Padel 3,40.0,frei,9
2026-05-29T19:31:01,2026-06-07,17:30,90,Padel 3,60.0,frei,9
2026-05-29T19:31:01,2026-06-07,17:30,120,Padel 3,80.0,frei,9
2026-05-29T19:31:01,2026-06-07,18:00,60,Padel 3,40.0,frei,9
2026-05-29T19:31:01,2026-06-07,18:00,90,Padel 3,60.0,frei,9
2026-05-29T19:31:01,2026-06-07,18:00,120,Padel 3,80.0,frei,9
2026-05-29T19:31:01,2026-06-07,18:30,60,Padel 3,40.0,frei,9
2026-05-29T19:31:01,2026-06-07,18:30,90,Padel 3,60.0,frei,9
2026-05-29T19:31:01,2026-06-07,18:30,120,Padel 3,80.0,frei,9
2026-05-29T19:31:01,2026-06-07,19:00,60,Padel 3,40.0,frei,9
2026-05-29T19:31:01,2026-06-07,19:00,90,Padel 3,60.0,frei,9
2026-05-29T19:31:01,2026-06-07,19:00,120,Padel 3,80.0,frei,9
2026-05-29T19:31:01,2026-06-07,19:30,60,Padel 3,40.0,frei,9
2026-05-29T19:31:01,2026-06-07,19:30,90,Padel 3,60.0,frei,9
2026-05-29T19:31:01,2026-06-07,19:30,120,Padel 3,80.0,frei,9
2026-05-29T19:31:01,2026-06-07,20:00,60,Padel 3,40.0,frei,9
2026-05-29T19:31:01,2026-06-07,20:00,90,Padel 3,60.0,frei,9
2026-05-29T19:31:01,2026-06-07,20:00,120,Padel 3,80.0,frei,9
2026-05-29T19:31:01,2026-06-07,20:30,60,Padel 3,40.0,frei,9
2026-05-29T19:31:01,2026-06-07,20:30,90,Padel 3,60.0,frei,9
2026-05-29T19:31:01,2026-06-07,21:00,60,Padel 3,40.0,frei,9
2026-05-29T19:31:01,2026-06-07,21:00,120,Padel 3,80.0,frei,9
2026-05-29T19:31:01,2026-06-07,21:30,90,Padel 3,60.0,frei,9
2026-05-29T19:31:01,2026-06-07,22:00,60,Padel 3,40.0,frei,9
2026-05-29T19:31:01,2026-06-07,08:00,60,Padel 2,40.0,frei,9
2026-05-29T19:31:01,2026-06-07,08:00,90,Padel 2,60.0,frei,9
2026-05-29T19:31:01,2026-06-07,08:00,120,Padel 2,80.0,frei,9
2026-05-29T19:31:01,2026-06-07,08:30,60,Padel 2,40.0,frei,9
2026-05-29T19:31:01,2026-06-07,08:30,90,Padel 2,60.0,frei,9
2026-05-29T19:31:01,2026-06-07,08:30,120,Padel 2,80.0,frei,9
2026-05-29T19:31:01,2026-06-07,09:00,60,Padel 2,40.0,frei,9
2026-05-29T19:31:01,2026-06-07,09:00,90,Padel 2,60.0,frei,9
2026-05-29T19:31:01,2026-06-07,09:00,120,Padel 2,80.0,frei,9
2026-05-29T19:31:01,2026-06-07,09:30,60,Padel 2,40.0,frei,9
2026-05-29T19:31:01,2026-06-07,09:30,90,Padel 2,60.0,frei,9
2026-05-29T19:31:01,2026-06-07,09:30,120,Padel 2,80.0,frei,9
2026-05-29T19:31:01,2026-06-07,10:00,60,Padel 2,40.0,frei,9
2026-05-29T19:31:01,2026-06-07,10:00,90,Padel 2,60.0,frei,9
2026-05-29T19:31:01,2026-06-07,10:00,120,Padel 2,80.0,frei,9
2026-05-29T19:31:01,2026-06-07,10:30,60,Padel 2,40.0,frei,9
2026-05-29T19:31:01,2026-06-07,10:30,90,Padel 2,60.0,frei,9
2026-05-29T19:31:01,2026-06-07,10:30,120,Padel 2,80.0,frei,9
2026-05-29T19:31:01,2026-06-07,11:00,60,Padel 2,40.0,frei,9
2026-05-29T19:31:01,2026-06-07,11:00,90,Padel 2,60.0,frei,9
2026-05-29T19:31:01,2026-06-07,11:00,120,Padel 2,80.0,frei,9
2026-05-29T19:31:01,2026-06-07,11:30,60,Padel 2,40.0,frei,9
2026-05-29T19:31:01,2026-06-07,11:30,90,Padel 2,60.0,frei,9
2026-05-29T19:31:01,2026-06-07,11:30,120,Padel 2,80.0,frei,9
2026-05-29T19:31:01,2026-06-07,12:00,60,Padel 2,40.0,frei,9
2026-05-29T19:31:01,2026-06-07,12:00,90,Padel 2,60.0,frei,9
2026-05-29T19:31:01,2026-06-07,12:00,120,Padel 2,80.0,frei,9
2026-05-29T19:31:01,2026-06-07,12:30,60,Padel 2,40.0,frei,9
2026-05-29T19:31:01,2026-06-07,12:30,90,Padel 2,60.0,frei,9
2026-05-29T19:31:01,2026-06-07,12:30,120,Padel 2,80.0,frei,9
2026-05-29T19:31:01,2026-06-07,13:00,60,Padel 2,40.0,frei,9
2026-05-29T19:31:01,2026-06-07,13:00,90,Padel 2,60.0,frei,9
2026-05-29T19:31:01,2026-06-07,13:00,120,Padel 2,80.0,frei,9
2026-05-29T19:31:01,2026-06-07,13:30,60,Padel 2,40.0,frei,9
2026-05-29T19:31:01,2026-06-07,13:30,90,Padel 2,60.0,frei,9
2026-05-29T19:31:01,2026-06-07,13:30,120,Padel 2,80.0,frei,9
2026-05-29T19:31:01,2026-06-07,14:00,60,Padel 2,40.0,frei,9
2026-05-29T19:31:01,2026-06-07,14:00,90,Padel 2,60.0,frei,9
2026-05-29T19:31:01,2026-06-07,14:00,120,Padel 2,80.0,frei,9
2026-05-29T19:31:01,2026-06-07,14:30,60,Padel 2,40.0,frei,9
2026-05-29T19:31:01,2026-06-07,14:30,90,Padel 2,60.0,frei,9
2026-05-29T19:31:01,2026-06-07,14:30,120,Padel 2,80.0,frei,9
2026-05-29T19:31:01,2026-06-07,15:00,60,Padel 2,40.0,frei,9
2026-05-29T19:31:01,2026-06-07,15:00,90,Padel 2,60.0,frei,9
2026-05-29T19:31:01,2026-06-07,15:00,120,Padel 2,80.0,frei,9
2026-05-29T19:31:01,2026-06-07,15:30,60,Padel 2,40.0,frei,9
2026-05-29T19:31:01,2026-06-07,15:30,90,Padel 2,60.0,frei,9
2026-05-29T19:31:01,2026-06-07,15:30,120,Padel 2,80.0,frei,9
2026-05-29T19:31:01,2026-06-07,16:00,60,Padel 2,40.0,frei,9
2026-05-29T19:31:01,2026-06-07,16:00,90,Padel 2,60.0,frei,9
2026-05-29T19:31:01,2026-06-07,16:00,120,Padel 2,80.0,frei,9
2026-05-29T19:31:01,2026-06-07,16:30,60,Padel 2,40.0,frei,9
2026-05-29T19:31:01,2026-06-07,16:30,90,Padel 2,60.0,frei,9
2026-05-29T19:31:01,2026-06-07,16:30,120,Padel 2,80.0,frei,9
2026-05-29T19:31:01,2026-06-07,17:00,60,Padel 2,40.0,frei,9
2026-05-29T19:31:01,2026-06-07,17:00,90,Padel 2,60.0,frei,9
2026-05-29T19:31:01,2026-06-07,17:00,120,Padel 2,80.0,frei,9
2026-05-29T19:31:01,2026-06-07,17:30,60,Padel 2,40.0,frei,9
2026-05-29T19:31:01,2026-06-07,17:30,90,Padel 2,60.0,frei,9
2026-05-29T19:31:01,2026-06-07,17:30,120,Padel 2,80.0,frei,9
2026-05-29T19:31:01,2026-06-07,18:00,60,Padel 2,40.0,frei,9
2026-05-29T19:31:01,2026-06-07,18:00,90,Padel 2,60.0,frei,9
2026-05-29T19:31:01,2026-06-07,18:00,120,Padel 2,80.0,frei,9
2026-05-29T19:31:01,2026-06-07,18:30,60,Padel 2,40.0,frei,9
2026-05-29T19:31:01,2026-06-07,18:30,90,Padel 2,60.0,frei,9
2026-05-29T19:31:01,2026-06-07,18:30,120,Padel 2,80.0,frei,9
2026-05-29T19:31:01,2026-06-07,19:00,60,Padel 2,40.0,frei,9
2026-05-29T19:31:01,2026-06-07,19:00,90,Padel 2,60.0,frei,9
2026-05-29T19:31:01,2026-06-07,19:00,120,Padel 2,80.0,frei,9
2026-05-29T19:31:01,2026-06-07,19:30,60,Padel 2,40.0,frei,9
2026-05-29T19:31:01,2026-06-07,19:30,90,Padel 2,60.0,frei,9
2026-05-29T19:31:01,2026-06-07,19:30,120,Padel 2,80.0,frei,9
2026-05-29T19:31:01,2026-06-07,20:00,60,Padel 2,40.0,frei,9
2026-05-29T19:31:01,2026-06-07,20:00,90,Padel 2,60.0,frei,9
2026-05-29T19:31:01,2026-06-07,20:00,120,Padel 2,80.0,frei,9
2026-05-29T19:31:01,2026-06-07,20:30,60,Padel 2,40.0,frei,9
2026-05-29T19:31:01,2026-06-07,20:30,90,Padel 2,60.0,frei,9
2026-05-29T19:31:01,2026-06-07,21:00,60,Padel 2,40.0,frei,9
2026-05-29T19:31:01,2026-06-07,21:00,120,Padel 2,80.0,frei,9
2026-05-29T19:31:01,2026-06-07,21:30,90,Padel 2,60.0,frei,9
2026-05-29T19:31:01,2026-06-07,22:00,60,Padel 2,40.0,frei,9
2026-05-29T19:31:01,2026-06-08,08:00,60,Padel 4,24.0,frei,10
2026-05-29T19:31:01,2026-06-08,08:00,90,Padel 4,36.0,frei,10
2026-05-29T19:31:01,2026-06-08,08:00,120,Padel 4,48.0,frei,10
2026-05-29T19:31:01,2026-06-08,08:30,60,Padel 4,24.0,frei,10
2026-05-29T19:31:01,2026-06-08,08:30,90,Padel 4,36.0,frei,10
2026-05-29T19:31:01,2026-06-08,08:30,120,Padel 4,48.0,frei,10
2026-05-29T19:31:01,2026-06-08,09:00,60,Padel 4,24.0,frei,10
2026-05-29T19:31:01,2026-06-08,09:00,90,Padel 4,36.0,frei,10
2026-05-29T19:31:01,2026-06-08,09:00,120,Padel 4,48.0,frei,10
2026-05-29T19:31:01,2026-06-08,09:30,60,Padel 4,24.0,frei,10
2026-05-29T19:31:01,2026-06-08,09:30,90,Padel 4,36.0,frei,10
2026-05-29T19:31:01,2026-06-08,09:30,120,Padel 4,48.0,frei,10
2026-05-29T19:31:01,2026-06-08,10:00,60,Padel 4,24.0,frei,10
2026-05-29T19:31:01,2026-06-08,10:00,90,Padel 4,36.0,frei,10
2026-05-29T19:31:01,2026-06-08,10:00,120,Padel 4,48.0,frei,10
2026-05-29T19:31:01,2026-06-08,10:30,60,Padel 4,24.0,frei,10
2026-05-29T19:31:01,2026-06-08,10:30,90,Padel 4,36.0,frei,10
2026-05-29T19:31:01,2026-06-08,10:30,120,Padel 4,48.0,frei,10
2026-05-29T19:31:01,2026-06-08,11:00,60,Padel 4,24.0,frei,10
2026-05-29T19:31:01,2026-06-08,11:00,90,Padel 4,36.0,frei,10
2026-05-29T19:31:01,2026-06-08,11:00,120,Padel 4,48.0,frei,10
2026-05-29T19:31:01,2026-06-08,11:30,60,Padel 4,24.0,frei,10
2026-05-29T19:31:01,2026-06-08,11:30,90,Padel 4,36.0,frei,10
2026-05-29T19:31:01,2026-06-08,11:30,120,Padel 4,48.0,frei,10
2026-05-29T19:31:01,2026-06-08,12:00,60,Padel 4,24.0,frei,10
2026-05-29T19:31:01,2026-06-08,12:00,90,Padel 4,36.0,frei,10
2026-05-29T19:31:01,2026-06-08,12:00,120,Padel 4,48.0,frei,10
2026-05-29T19:31:01,2026-06-08,12:30,60,Padel 4,24.0,frei,10
2026-05-29T19:31:01,2026-06-08,12:30,90,Padel 4,36.0,frei,10
2026-05-29T19:31:01,2026-06-08,12:30,120,Padel 4,48.0,frei,10
2026-05-29T19:31:01,2026-06-08,13:00,60,Padel 4,24.0,frei,10
2026-05-29T19:31:01,2026-06-08,13:00,90,Padel 4,36.0,frei,10
2026-05-29T19:31:01,2026-06-08,13:00,120,Padel 4,48.0,frei,10
2026-05-29T19:31:01,2026-06-08,13:30,60,Padel 4,24.0,frei,10
2026-05-29T19:31:01,2026-06-08,13:30,90,Padel 4,36.0,frei,10
2026-05-29T19:31:01,2026-06-08,13:30,120,Padel 4,48.0,frei,10
2026-05-29T19:31:01,2026-06-08,14:00,60,Padel 4,24.0,frei,10
2026-05-29T19:31:01,2026-06-08,14:00,90,Padel 4,36.0,frei,10
2026-05-29T19:31:01,2026-06-08,14:00,120,Padel 4,48.0,frei,10
2026-05-29T19:31:01,2026-06-08,14:30,60,Padel 4,24.0,frei,10
2026-05-29T19:31:01,2026-06-08,14:30,90,Padel 4,36.0,frei,10
2026-05-29T19:31:01,2026-06-08,14:30,120,Padel 4,56.0,frei,10
2026-05-29T19:31:01,2026-06-08,15:00,60,Padel 4,24.0,frei,10
2026-05-29T19:31:01,2026-06-08,15:00,90,Padel 4,44.0,frei,10
2026-05-29T19:31:01,2026-06-08,15:00,120,Padel 4,64.0,frei,10
2026-05-29T19:31:01,2026-06-08,15:30,60,Padel 4,32.0,frei,10
2026-05-29T19:31:01,2026-06-08,15:30,90,Padel 4,52.0,frei,10
2026-05-29T19:31:01,2026-06-08,15:30,120,Padel 4,72.0,frei,10
2026-05-29T19:31:01,2026-06-08,16:00,60,Padel 4,40.0,frei,10
2026-05-29T19:31:01,2026-06-08,16:00,90,Padel 4,60.0,frei,10
2026-05-29T19:31:01,2026-06-08,16:00,120,Padel 4,80.0,frei,10
2026-05-29T19:31:01,2026-06-08,16:30,60,Padel 4,40.0,frei,10
2026-05-29T19:31:01,2026-06-08,16:30,90,Padel 4,60.0,frei,10
2026-05-29T19:31:01,2026-06-08,16:30,120,Padel 4,80.0,frei,10
2026-05-29T19:31:01,2026-06-08,17:00,60,Padel 4,40.0,frei,10
2026-05-29T19:31:01,2026-06-08,17:00,90,Padel 4,60.0,frei,10
2026-05-29T19:31:01,2026-06-08,17:00,120,Padel 4,80.0,frei,10
2026-05-29T19:31:01,2026-06-08,17:30,60,Padel 4,40.0,frei,10
2026-05-29T19:31:01,2026-06-08,17:30,90,Padel 4,60.0,frei,10
2026-05-29T19:31:01,2026-06-08,17:30,120,Padel 4,80.0,frei,10
2026-05-29T19:31:01,2026-06-08,18:00,60,Padel 4,40.0,frei,10
2026-05-29T19:31:01,2026-06-08,18:00,90,Padel 4,60.0,frei,10
2026-05-29T19:31:01,2026-06-08,18:00,120,Padel 4,80.0,frei,10
2026-05-29T19:31:01,2026-06-08,18:30,60,Padel 4,40.0,frei,10
2026-05-29T19:31:01,2026-06-08,18:30,90,Padel 4,60.0,frei,10
2026-05-29T19:31:01,2026-06-08,18:30,120,Padel 4,80.0,frei,10
2026-05-29T19:31:01,2026-06-08,19:00,60,Padel 4,40.0,frei,10
2026-05-29T19:31:01,2026-06-08,19:00,90,Padel 4,60.0,frei,10
2026-05-29T19:31:01,2026-06-08,19:00,120,Padel 4,80.0,frei,10
2026-05-29T19:31:01,2026-06-08,19:30,60,Padel 4,40.0,frei,10
2026-05-29T19:31:01,2026-06-08,19:30,90,Padel 4,60.0,frei,10
2026-05-29T19:31:01,2026-06-08,19:30,120,Padel 4,80.0,frei,10
2026-05-29T19:31:01,2026-06-08,20:00,60,Padel 4,40.0,frei,10
2026-05-29T19:31:01,2026-06-08,20:00,90,Padel 4,60.0,frei,10
2026-05-29T19:31:01,2026-06-08,20:00,120,Padel 4,80.0,frei,10
2026-05-29T19:31:01,2026-06-08,20:30,60,Padel 4,40.0,frei,10
2026-05-29T19:31:01,2026-06-08,20:30,90,Padel 4,60.0,frei,10
2026-05-29T19:31:01,2026-06-08,21:00,60,Padel 4,40.0,frei,10
2026-05-29T19:31:01,2026-06-08,21:00,120,Padel 4,80.0,frei,10
2026-05-29T19:31:01,2026-06-08,21:30,90,Padel 4,60.0,frei,10
2026-05-29T19:31:01,2026-06-08,22:00,60,Padel 4,40.0,frei,10
2026-05-29T19:31:01,2026-06-08,08:00,60,Padel 1,24.0,frei,10
2026-05-29T19:31:01,2026-06-08,08:00,90,Padel 1,36.0,frei,10
2026-05-29T19:31:01,2026-06-08,08:00,120,Padel 1,48.0,frei,10
2026-05-29T19:31:01,2026-06-08,08:30,60,Padel 1,24.0,frei,10
2026-05-29T19:31:01,2026-06-08,08:30,90,Padel 1,36.0,frei,10
2026-05-29T19:31:01,2026-06-08,08:30,120,Padel 1,48.0,frei,10
2026-05-29T19:31:01,2026-06-08,09:00,60,Padel 1,24.0,frei,10
2026-05-29T19:31:01,2026-06-08,09:00,90,Padel 1,36.0,frei,10
2026-05-29T19:31:01,2026-06-08,09:00,120,Padel 1,48.0,frei,10
2026-05-29T19:31:01,2026-06-08,09:30,60,Padel 1,24.0,frei,10
2026-05-29T19:31:01,2026-06-08,09:30,90,Padel 1,36.0,frei,10
2026-05-29T19:31:01,2026-06-08,09:30,120,Padel 1,48.0,frei,10
2026-05-29T19:31:01,2026-06-08,10:00,60,Padel 1,24.0,frei,10
2026-05-29T19:31:01,2026-06-08,10:00,90,Padel 1,36.0,frei,10
2026-05-29T19:31:01,2026-06-08,10:00,120,Padel 1,48.0,frei,10
2026-05-29T19:31:01,2026-06-08,10:30,60,Padel 1,24.0,frei,10
2026-05-29T19:31:01,2026-06-08,10:30,90,Padel 1,36.0,frei,10
2026-05-29T19:31:01,2026-06-08,10:30,120,Padel 1,48.0,frei,10
2026-05-29T19:31:01,2026-06-08,11:00,60,Padel 1,24.0,frei,10
2026-05-29T19:31:01,2026-06-08,11:00,90,Padel 1,36.0,frei,10
2026-05-29T19:31:01,2026-06-08,11:00,120,Padel 1,48.0,frei,10
2026-05-29T19:31:01,2026-06-08,11:30,60,Padel 1,24.0,frei,10
2026-05-29T19:31:01,2026-06-08,11:30,90,Padel 1,36.0,frei,10
2026-05-29T19:31:01,2026-06-08,11:30,120,Padel 1,48.0,frei,10
2026-05-29T19:31:01,2026-06-08,12:00,60,Padel 1,24.0,frei,10
2026-05-29T19:31:01,2026-06-08,12:00,90,Padel 1,36.0,frei,10
2026-05-29T19:31:01,2026-06-08,12:00,120,Padel 1,48.0,frei,10
2026-05-29T19:31:01,2026-06-08,12:30,60,Padel 1,24.0,frei,10
2026-05-29T19:31:01,2026-06-08,12:30,90,Padel 1,36.0,frei,10
2026-05-29T19:31:01,2026-06-08,12:30,120,Padel 1,48.0,frei,10
2026-05-29T19:31:01,2026-06-08,13:00,60,Padel 1,24.0,frei,10
2026-05-29T19:31:01,2026-06-08,13:00,90,Padel 1,36.0,frei,10
2026-05-29T19:31:01,2026-06-08,13:00,120,Padel 1,48.0,frei,10
2026-05-29T19:31:01,2026-06-08,13:30,60,Padel 1,24.0,frei,10
2026-05-29T19:31:01,2026-06-08,13:30,90,Padel 1,36.0,frei,10
2026-05-29T19:31:01,2026-06-08,13:30,120,Padel 1,48.0,frei,10
2026-05-29T19:31:01,2026-06-08,14:00,60,Padel 1,24.0,frei,10
2026-05-29T19:31:01,2026-06-08,14:00,90,Padel 1,36.0,frei,10
2026-05-29T19:31:01,2026-06-08,14:00,120,Padel 1,48.0,frei,10
2026-05-29T19:31:01,2026-06-08,14:30,60,Padel 1,24.0,frei,10
2026-05-29T19:31:01,2026-06-08,14:30,90,Padel 1,36.0,frei,10
2026-05-29T19:31:01,2026-06-08,14:30,120,Padel 1,56.0,frei,10
2026-05-29T19:31:01,2026-06-08,15:00,60,Padel 1,24.0,frei,10
2026-05-29T19:31:01,2026-06-08,15:00,90,Padel 1,44.0,frei,10
2026-05-29T19:31:01,2026-06-08,15:00,120,Padel 1,64.0,frei,10
2026-05-29T19:31:01,2026-06-08,15:30,60,Padel 1,32.0,frei,10
2026-05-29T19:31:01,2026-06-08,15:30,90,Padel 1,52.0,frei,10
2026-05-29T19:31:01,2026-06-08,16:00,60,Padel 1,40.0,frei,10
2026-05-29T19:31:01,2026-06-08,16:00,120,Padel 1,80.0,frei,10
2026-05-29T19:31:01,2026-06-08,16:30,90,Padel 1,60.0,frei,10
2026-05-29T19:31:01,2026-06-08,17:00,60,Padel 1,40.0,frei,10
2026-05-29T19:31:01,2026-06-08,19:30,60,Padel 1,40.0,frei,10
2026-05-29T19:31:01,2026-06-08,19:30,90,Padel 1,60.0,frei,10
2026-05-29T19:31:01,2026-06-08,19:30,120,Padel 1,80.0,frei,10
2026-05-29T19:31:01,2026-06-08,20:30,60,Padel 1,40.0,frei,10
2026-05-29T19:31:01,2026-06-08,20:30,90,Padel 1,60.0,frei,10
2026-05-29T19:31:01,2026-06-08,21:00,60,Padel 1,40.0,frei,10
2026-05-29T19:31:01,2026-06-08,21:00,120,Padel 1,80.0,frei,10
2026-05-29T19:31:01,2026-06-08,21:30,90,Padel 1,60.0,frei,10
2026-05-29T19:31:01,2026-06-08,22:00,60,Padel 1,40.0,frei,10
2026-05-29T19:31:01,2026-06-08,08:00,60,Padel 3,24.0,frei,10
2026-05-29T19:31:01,2026-06-08,08:00,90,Padel 3,36.0,frei,10
2026-05-29T19:31:01,2026-06-08,08:00,120,Padel 3,48.0,frei,10
2026-05-29T19:31:01,2026-06-08,08:30,60,Padel 3,24.0,frei,10
2026-05-29T19:31:01,2026-06-08,08:30,90,Padel 3,36.0,frei,10
2026-05-29T19:31:01,2026-06-08,08:30,120,Padel 3,48.0,frei,10
2026-05-29T19:31:01,2026-06-08,09:00,60,Padel 3,24.0,frei,10
2026-05-29T19:31:01,2026-06-08,09:00,90,Padel 3,36.0,frei,10
2026-05-29T19:31:01,2026-06-08,09:00,120,Padel 3,48.0,frei,10
2026-05-29T19:31:01,2026-06-08,09:30,60,Padel 3,24.0,frei,10
2026-05-29T19:31:01,2026-06-08,09:30,90,Padel 3,36.0,frei,10
2026-05-29T19:31:01,2026-06-08,09:30,120,Padel 3,48.0,frei,10
2026-05-29T19:31:01,2026-06-08,10:00,60,Padel 3,24.0,frei,10
2026-05-29T19:31:01,2026-06-08,10:00,90,Padel 3,36.0,frei,10
2026-05-29T19:31:01,2026-06-08,10:00,120,Padel 3,48.0,frei,10
2026-05-29T19:31:01,2026-06-08,10:30,60,Padel 3,24.0,frei,10
2026-05-29T19:31:01,2026-06-08,10:30,90,Padel 3,36.0,frei,10
2026-05-29T19:31:01,2026-06-08,10:30,120,Padel 3,48.0,frei,10
2026-05-29T19:31:01,2026-06-08,11:00,60,Padel 3,24.0,frei,10
2026-05-29T19:31:01,2026-06-08,11:00,90,Padel 3,36.0,frei,10
2026-05-29T19:31:01,2026-06-08,11:00,120,Padel 3,48.0,frei,10
2026-05-29T19:31:01,2026-06-08,11:30,60,Padel 3,24.0,frei,10
2026-05-29T19:31:01,2026-06-08,11:30,90,Padel 3,36.0,frei,10
2026-05-29T19:31:01,2026-06-08,11:30,120,Padel 3,48.0,frei,10
2026-05-29T19:31:01,2026-06-08,12:00,60,Padel 3,24.0,frei,10
2026-05-29T19:31:01,2026-06-08,12:00,90,Padel 3,36.0,frei,10
2026-05-29T19:31:01,2026-06-08,12:00,120,Padel 3,48.0,frei,10
2026-05-29T19:31:01,2026-06-08,12:30,60,Padel 3,24.0,frei,10
2026-05-29T19:31:01,2026-06-08,12:30,90,Padel 3,36.0,frei,10
2026-05-29T19:31:01,2026-06-08,12:30,120,Padel 3,48.0,frei,10
2026-05-29T19:31:01,2026-06-08,13:00,60,Padel 3,24.0,frei,10
2026-05-29T19:31:01,2026-06-08,13:00,90,Padel 3,36.0,frei,10
2026-05-29T19:31:01,2026-06-08,13:00,120,Padel 3,48.0,frei,10
2026-05-29T19:31:01,2026-06-08,13:30,60,Padel 3,24.0,frei,10
2026-05-29T19:31:01,2026-06-08,13:30,90,Padel 3,36.0,frei,10
2026-05-29T19:31:01,2026-06-08,13:30,120,Padel 3,48.0,frei,10
2026-05-29T19:31:01,2026-06-08,14:00,60,Padel 3,24.0,frei,10
2026-05-29T19:31:01,2026-06-08,14:00,90,Padel 3,36.0,frei,10
2026-05-29T19:31:01,2026-06-08,14:00,120,Padel 3,48.0,frei,10
2026-05-29T19:31:01,2026-06-08,14:30,60,Padel 3,24.0,frei,10
2026-05-29T19:31:01,2026-06-08,14:30,90,Padel 3,36.0,frei,10
2026-05-29T19:31:01,2026-06-08,14:30,120,Padel 3,56.0,frei,10
2026-05-29T19:31:01,2026-06-08,15:00,60,Padel 3,24.0,frei,10
2026-05-29T19:31:01,2026-06-08,15:00,90,Padel 3,44.0,frei,10
2026-05-29T19:31:01,2026-06-08,15:00,120,Padel 3,64.0,frei,10
2026-05-29T19:31:01,2026-06-08,15:30,60,Padel 3,32.0,frei,10
2026-05-29T19:31:01,2026-06-08,15:30,90,Padel 3,52.0,frei,10
2026-05-29T19:31:01,2026-06-08,15:30,120,Padel 3,72.0,frei,10
2026-05-29T19:31:01,2026-06-08,16:00,60,Padel 3,40.0,frei,10
2026-05-29T19:31:01,2026-06-08,16:00,90,Padel 3,60.0,frei,10
2026-05-29T19:31:01,2026-06-08,16:00,120,Padel 3,80.0,frei,10
2026-05-29T19:31:01,2026-06-08,16:30,60,Padel 3,40.0,frei,10
2026-05-29T19:31:01,2026-06-08,16:30,90,Padel 3,60.0,frei,10
2026-05-29T19:31:01,2026-06-08,16:30,120,Padel 3,80.0,frei,10
2026-05-29T19:31:01,2026-06-08,17:00,60,Padel 3,40.0,frei,10
2026-05-29T19:31:01,2026-06-08,17:00,90,Padel 3,60.0,frei,10
2026-05-29T19:31:01,2026-06-08,17:00,120,Padel 3,80.0,frei,10
2026-05-29T19:31:01,2026-06-08,17:30,60,Padel 3,40.0,frei,10
2026-05-29T19:31:01,2026-06-08,17:30,90,Padel 3,60.0,frei,10
2026-05-29T19:31:01,2026-06-08,17:30,120,Padel 3,80.0,frei,10
2026-05-29T19:31:01,2026-06-08,18:00,60,Padel 3,40.0,frei,10
2026-05-29T19:31:01,2026-06-08,18:00,90,Padel 3,60.0,frei,10
2026-05-29T19:31:01,2026-06-08,18:00,120,Padel 3,80.0,frei,10
2026-05-29T19:31:01,2026-06-08,18:30,60,Padel 3,40.0,frei,10
2026-05-29T19:31:01,2026-06-08,18:30,90,Padel 3,60.0,frei,10
2026-05-29T19:31:01,2026-06-08,18:30,120,Padel 3,80.0,frei,10
2026-05-29T19:31:01,2026-06-08,19:00,60,Padel 3,40.0,frei,10
2026-05-29T19:31:01,2026-06-08,19:00,90,Padel 3,60.0,frei,10
2026-05-29T19:31:01,2026-06-08,19:00,120,Padel 3,80.0,frei,10
2026-05-29T19:31:01,2026-06-08,19:30,60,Padel 3,40.0,frei,10
2026-05-29T19:31:01,2026-06-08,19:30,90,Padel 3,60.0,frei,10
2026-05-29T19:31:01,2026-06-08,19:30,120,Padel 3,80.0,frei,10
2026-05-29T19:31:01,2026-06-08,20:00,60,Padel 3,40.0,frei,10
2026-05-29T19:31:01,2026-06-08,20:00,90,Padel 3,60.0,frei,10
2026-05-29T19:31:01,2026-06-08,20:00,120,Padel 3,80.0,frei,10
2026-05-29T19:31:01,2026-06-08,20:30,60,Padel 3,40.0,frei,10
2026-05-29T19:31:01,2026-06-08,20:30,90,Padel 3,60.0,frei,10
2026-05-29T19:31:01,2026-06-08,21:00,60,Padel 3,40.0,frei,10
2026-05-29T19:31:01,2026-06-08,21:00,120,Padel 3,80.0,frei,10
2026-05-29T19:31:01,2026-06-08,21:30,90,Padel 3,60.0,frei,10
2026-05-29T19:31:01,2026-06-08,22:00,60,Padel 3,40.0,frei,10
2026-05-29T19:31:01,2026-06-08,08:00,60,Padel 2,24.0,frei,10
2026-05-29T19:31:01,2026-06-08,08:00,90,Padel 2,36.0,frei,10
2026-05-29T19:31:01,2026-06-08,08:00,120,Padel 2,48.0,frei,10
2026-05-29T19:31:01,2026-06-08,08:30,60,Padel 2,24.0,frei,10
2026-05-29T19:31:01,2026-06-08,08:30,90,Padel 2,36.0,frei,10
2026-05-29T19:31:01,2026-06-08,08:30,120,Padel 2,48.0,frei,10
2026-05-29T19:31:01,2026-06-08,09:00,60,Padel 2,24.0,frei,10
2026-05-29T19:31:01,2026-06-08,09:00,90,Padel 2,36.0,frei,10
2026-05-29T19:31:01,2026-06-08,09:00,120,Padel 2,48.0,frei,10
2026-05-29T19:31:01,2026-06-08,09:30,60,Padel 2,24.0,frei,10
2026-05-29T19:31:01,2026-06-08,09:30,90,Padel 2,36.0,frei,10
2026-05-29T19:31:01,2026-06-08,09:30,120,Padel 2,48.0,frei,10
2026-05-29T19:31:01,2026-06-08,10:00,60,Padel 2,24.0,frei,10
2026-05-29T19:31:01,2026-06-08,10:00,90,Padel 2,36.0,frei,10
2026-05-29T19:31:01,2026-06-08,10:00,120,Padel 2,48.0,frei,10
2026-05-29T19:31:01,2026-06-08,10:30,60,Padel 2,24.0,frei,10
2026-05-29T19:31:01,2026-06-08,10:30,90,Padel 2,36.0,frei,10
2026-05-29T19:31:01,2026-06-08,10:30,120,Padel 2,48.0,frei,10
2026-05-29T19:31:01,2026-06-08,11:00,60,Padel 2,24.0,frei,10
2026-05-29T19:31:01,2026-06-08,11:00,90,Padel 2,36.0,frei,10
2026-05-29T19:31:01,2026-06-08,11:00,120,Padel 2,48.0,frei,10
2026-05-29T19:31:01,2026-06-08,11:30,60,Padel 2,24.0,frei,10
2026-05-29T19:31:01,2026-06-08,11:30,90,Padel 2,36.0,frei,10
2026-05-29T19:31:01,2026-06-08,11:30,120,Padel 2,48.0,frei,10
2026-05-29T19:31:01,2026-06-08,12:00,60,Padel 2,24.0,frei,10
2026-05-29T19:31:01,2026-06-08,12:00,90,Padel 2,36.0,frei,10
2026-05-29T19:31:01,2026-06-08,12:00,120,Padel 2,48.0,frei,10
2026-05-29T19:31:01,2026-06-08,12:30,60,Padel 2,24.0,frei,10
2026-05-29T19:31:01,2026-06-08,12:30,90,Padel 2,36.0,frei,10
2026-05-29T19:31:01,2026-06-08,12:30,120,Padel 2,48.0,frei,10
2026-05-29T19:31:01,2026-06-08,13:00,60,Padel 2,24.0,frei,10
2026-05-29T19:31:01,2026-06-08,13:00,90,Padel 2,36.0,frei,10
2026-05-29T19:31:01,2026-06-08,13:00,120,Padel 2,48.0,frei,10
2026-05-29T19:31:01,2026-06-08,13:30,60,Padel 2,24.0,frei,10
2026-05-29T19:31:01,2026-06-08,13:30,90,Padel 2,36.0,frei,10
2026-05-29T19:31:01,2026-06-08,13:30,120,Padel 2,48.0,frei,10
2026-05-29T19:31:01,2026-06-08,14:00,60,Padel 2,24.0,frei,10
2026-05-29T19:31:01,2026-06-08,14:00,90,Padel 2,36.0,frei,10
2026-05-29T19:31:01,2026-06-08,14:00,120,Padel 2,48.0,frei,10
2026-05-29T19:31:01,2026-06-08,14:30,60,Padel 2,24.0,frei,10
2026-05-29T19:31:01,2026-06-08,14:30,90,Padel 2,36.0,frei,10
2026-05-29T19:31:01,2026-06-08,14:30,120,Padel 2,56.0,frei,10
2026-05-29T19:31:01,2026-06-08,15:00,60,Padel 2,24.0,frei,10
2026-05-29T19:31:01,2026-06-08,15:00,90,Padel 2,44.0,frei,10
2026-05-29T19:31:01,2026-06-08,15:00,120,Padel 2,64.0,frei,10
2026-05-29T19:31:01,2026-06-08,15:30,60,Padel 2,32.0,frei,10
2026-05-29T19:31:01,2026-06-08,15:30,90,Padel 2,52.0,frei,10
2026-05-29T19:31:01,2026-06-08,15:30,120,Padel 2,72.0,frei,10
2026-05-29T19:31:01,2026-06-08,16:00,60,Padel 2,40.0,frei,10
2026-05-29T19:31:01,2026-06-08,16:00,90,Padel 2,60.0,frei,10
2026-05-29T19:31:01,2026-06-08,16:30,60,Padel 2,40.0,frei,10
2026-05-29T19:31:01,2026-06-08,16:30,120,Padel 2,80.0,frei,10
2026-05-29T19:31:01,2026-06-08,17:00,90,Padel 2,60.0,frei,10
2026-05-29T19:31:01,2026-06-08,17:30,60,Padel 2,40.0,frei,10
2026-05-29T19:31:01,2026-06-08,20:00,60,Padel 2,40.0,frei,10
2026-05-29T19:31:01,2026-06-08,20:00,90,Padel 2,60.0,frei,10
2026-05-29T19:31:01,2026-06-08,20:00,120,Padel 2,80.0,frei,10
2026-05-29T19:31:01,2026-06-08,21:00,60,Padel 2,40.0,frei,10
2026-05-29T19:31:01,2026-06-08,21:00,120,Padel 2,80.0,frei,10
2026-05-29T19:31:01,2026-06-08,21:30,90,Padel 2,60.0,frei,10
2026-05-29T19:31:01,2026-06-08,22:00,60,Padel 2,40.0,frei,10
2026-05-29T19:31:01,2026-06-09,08:00,60,Padel 1,24.0,frei,11
2026-05-29T19:31:01,2026-06-09,08:00,90,Padel 1,36.0,frei,11
2026-05-29T19:31:01,2026-06-09,08:00,120,Padel 1,48.0,frei,11
2026-05-29T19:31:01,2026-06-09,08:30,60,Padel 1,24.0,frei,11
2026-05-29T19:31:01,2026-06-09,08:30,90,Padel 1,36.0,frei,11
2026-05-29T19:31:01,2026-06-09,08:30,120,Padel 1,48.0,frei,11
2026-05-29T19:31:01,2026-06-09,09:00,60,Padel 1,24.0,frei,11
2026-05-29T19:31:01,2026-06-09,09:00,90,Padel 1,36.0,frei,11
2026-05-29T19:31:01,2026-06-09,09:30,60,Padel 1,24.0,frei,11
2026-05-29T19:31:01,2026-06-09,09:30,120,Padel 1,48.0,frei,11
2026-05-29T19:31:01,2026-06-09,10:00,90,Padel 1,36.0,frei,11
2026-05-29T19:31:01,2026-06-09,10:30,60,Padel 1,24.0,frei,11
2026-05-29T19:31:01,2026-06-09,14:30,60,Padel 1,24.0,frei,11
2026-05-29T19:31:01,2026-06-09,14:30,90,Padel 1,36.0,frei,11
2026-05-29T19:31:01,2026-06-09,14:30,120,Padel 1,56.0,frei,11
2026-05-29T19:31:01,2026-06-09,15:30,60,Padel 1,32.0,frei,11
2026-05-29T19:31:01,2026-06-09,15:30,120,Padel 1,72.0,frei,11
2026-05-29T19:31:01,2026-06-09,16:00,90,Padel 1,60.0,frei,11
2026-05-29T19:31:01,2026-06-09,16:30,60,Padel 1,40.0,frei,11
2026-05-29T19:31:01,2026-06-09,19:00,60,Padel 1,40.0,frei,11
2026-05-29T19:31:01,2026-06-09,19:00,90,Padel 1,60.0,frei,11
2026-05-29T19:31:01,2026-06-09,19:00,120,Padel 1,80.0,frei,11
2026-05-29T19:31:01,2026-06-09,20:00,60,Padel 1,40.0,frei,11
2026-05-29T19:31:01,2026-06-09,20:00,90,Padel 1,60.0,frei,11
2026-05-29T19:31:01,2026-06-09,20:00,120,Padel 1,80.0,frei,11
2026-05-29T19:31:01,2026-06-09,20:30,60,Padel 1,40.0,frei,11
2026-05-29T19:31:01,2026-06-09,20:30,90,Padel 1,60.0,frei,11
2026-05-29T19:31:01,2026-06-09,21:00,60,Padel 1,40.0,frei,11
2026-05-29T19:31:01,2026-06-09,21:00,120,Padel 1,80.0,frei,11
2026-05-29T19:31:01,2026-06-09,21:30,90,Padel 1,60.0,frei,11
2026-05-29T19:31:01,2026-06-09,22:00,60,Padel 1,40.0,frei,11
2026-05-29T19:31:01,2026-06-09,08:00,60,Padel 3,24.0,frei,11
2026-05-29T19:31:01,2026-06-09,08:00,90,Padel 3,36.0,frei,11
2026-05-29T19:31:01,2026-06-09,08:00,120,Padel 3,48.0,frei,11
2026-05-29T19:31:01,2026-06-09,08:30,60,Padel 3,24.0,frei,11
2026-05-29T19:31:01,2026-06-09,08:30,90,Padel 3,36.0,frei,11
2026-05-29T19:31:01,2026-06-09,08:30,120,Padel 3,48.0,frei,11
2026-05-29T19:31:01,2026-06-09,09:00,60,Padel 3,24.0,frei,11
2026-05-29T19:31:01,2026-06-09,09:00,90,Padel 3,36.0,frei,11
2026-05-29T19:31:01,2026-06-09,09:30,60,Padel 3,24.0,frei,11
2026-05-29T19:31:01,2026-06-09,09:30,120,Padel 3,48.0,frei,11
2026-05-29T19:31:01,2026-06-09,10:00,90,Padel 3,36.0,frei,11
2026-05-29T19:31:01,2026-06-09,10:30,60,Padel 3,24.0,frei,11
2026-05-29T19:31:01,2026-06-09,14:30,60,Padel 3,24.0,frei,11
2026-05-29T19:31:01,2026-06-09,14:30,90,Padel 3,36.0,frei,11
2026-05-29T19:31:01,2026-06-09,14:30,120,Padel 3,56.0,frei,11
2026-05-29T19:31:01,2026-06-09,15:30,60,Padel 3,32.0,frei,11
2026-05-29T19:31:01,2026-06-09,15:30,90,Padel 3,52.0,frei,11
2026-05-29T19:31:01,2026-06-09,15:30,120,Padel 3,72.0,frei,11
2026-05-29T19:31:01,2026-06-09,16:00,60,Padel 3,40.0,frei,11
2026-05-29T19:31:01,2026-06-09,16:00,90,Padel 3,60.0,frei,11
2026-05-29T19:31:01,2026-06-09,16:00,120,Padel 3,80.0,frei,11
2026-05-29T19:31:01,2026-06-09,16:30,60,Padel 3,40.0,frei,11
2026-05-29T19:31:01,2026-06-09,16:30,90,Padel 3,60.0,frei,11
2026-05-29T19:31:01,2026-06-09,16:30,120,Padel 3,80.0,frei,11
2026-05-29T19:31:01,2026-06-09,17:00,60,Padel 3,40.0,frei,11
2026-05-29T19:31:01,2026-06-09,17:00,90,Padel 3,60.0,frei,11
2026-05-29T19:31:01,2026-06-09,17:00,120,Padel 3,80.0,frei,11
2026-05-29T19:31:01,2026-06-09,17:30,60,Padel 3,40.0,frei,11
2026-05-29T19:31:01,2026-06-09,17:30,90,Padel 3,60.0,frei,11
2026-05-29T19:31:01,2026-06-09,17:30,120,Padel 3,80.0,frei,11
2026-05-29T19:31:01,2026-06-09,18:00,60,Padel 3,40.0,frei,11
2026-05-29T19:31:01,2026-06-09,18:00,90,Padel 3,60.0,frei,11
2026-05-29T19:31:01,2026-06-09,18:00,120,Padel 3,80.0,frei,11
2026-05-29T19:31:01,2026-06-09,18:30,60,Padel 3,40.0,frei,11
2026-05-29T19:31:01,2026-06-09,18:30,90,Padel 3,60.0,frei,11
2026-05-29T19:31:01,2026-06-09,18:30,120,Padel 3,80.0,frei,11
2026-05-29T19:31:01,2026-06-09,19:00,60,Padel 3,40.0,frei,11
2026-05-29T19:31:01,2026-06-09,19:00,90,Padel 3,60.0,frei,11
2026-05-29T19:31:01,2026-06-09,19:00,120,Padel 3,80.0,frei,11
2026-05-29T19:31:01,2026-06-09,19:30,60,Padel 3,40.0,frei,11
2026-05-29T19:31:01,2026-06-09,19:30,90,Padel 3,60.0,frei,11
2026-05-29T19:31:01,2026-06-09,19:30,120,Padel 3,80.0,frei,11
2026-05-29T19:31:01,2026-06-09,20:00,60,Padel 3,40.0,frei,11
2026-05-29T19:31:01,2026-06-09,20:00,90,Padel 3,60.0,frei,11
2026-05-29T19:31:01,2026-06-09,20:00,120,Padel 3,80.0,frei,11
2026-05-29T19:31:01,2026-06-09,20:30,60,Padel 3,40.0,frei,11
2026-05-29T19:31:01,2026-06-09,20:30,90,Padel 3,60.0,frei,11
2026-05-29T19:31:01,2026-06-09,21:00,60,Padel 3,40.0,frei,11
2026-05-29T19:31:01,2026-06-09,21:00,120,Padel 3,80.0,frei,11
2026-05-29T19:31:01,2026-06-09,21:30,90,Padel 3,60.0,frei,11
2026-05-29T19:31:01,2026-06-09,22:00,60,Padel 3,40.0,frei,11
2026-05-29T19:31:01,2026-06-09,08:00,60,Padel 2,24.0,frei,11
2026-05-29T19:31:01,2026-06-09,08:00,90,Padel 2,36.0,frei,11
2026-05-29T19:31:01,2026-06-09,08:00,120,Padel 2,48.0,frei,11
2026-05-29T19:31:01,2026-06-09,08:30,60,Padel 2,24.0,frei,11
2026-05-29T19:31:01,2026-06-09,08:30,90,Padel 2,36.0,frei,11
2026-05-29T19:31:01,2026-06-09,08:30,120,Padel 2,48.0,frei,11
2026-05-29T19:31:01,2026-06-09,09:00,60,Padel 2,24.0,frei,11
2026-05-29T19:31:01,2026-06-09,09:00,90,Padel 2,36.0,frei,11
2026-05-29T19:31:01,2026-06-09,09:30,60,Padel 2,24.0,frei,11
2026-05-29T19:31:01,2026-06-09,09:30,120,Padel 2,48.0,frei,11
2026-05-29T19:31:01,2026-06-09,10:00,90,Padel 2,36.0,frei,11
2026-05-29T19:31:01,2026-06-09,10:30,60,Padel 2,24.0,frei,11
2026-05-29T19:31:01,2026-06-09,14:30,60,Padel 2,24.0,frei,11
2026-05-29T19:31:01,2026-06-09,14:30,90,Padel 2,36.0,frei,11
2026-05-29T19:31:01,2026-06-09,14:30,120,Padel 2,56.0,frei,11
2026-05-29T19:31:01,2026-06-09,15:30,60,Padel 2,32.0,frei,11
2026-05-29T19:31:01,2026-06-09,15:30,90,Padel 2,52.0,frei,11
2026-05-29T19:31:01,2026-06-09,15:30,120,Padel 2,72.0,frei,11
2026-05-29T19:31:01,2026-06-09,16:00,60,Padel 2,40.0,frei,11
2026-05-29T19:31:01,2026-06-09,16:00,90,Padel 2,60.0,frei,11
2026-05-29T19:31:01,2026-06-09,16:30,60,Padel 2,40.0,frei,11
2026-05-29T19:31:01,2026-06-09,16:30,120,Padel 2,80.0,frei,11
2026-05-29T19:31:01,2026-06-09,17:00,90,Padel 2,60.0,frei,11
2026-05-29T19:31:01,2026-06-09,17:30,60,Padel 2,40.0,frei,11
2026-05-29T19:31:01,2026-06-09,20:00,60,Padel 2,40.0,frei,11
2026-05-29T19:31:01,2026-06-09,20:00,90,Padel 2,60.0,frei,11
2026-05-29T19:31:01,2026-06-09,20:00,120,Padel 2,80.0,frei,11
2026-05-29T19:31:01,2026-06-09,21:00,60,Padel 2,40.0,frei,11
2026-05-29T19:31:01,2026-06-09,21:00,120,Padel 2,80.0,frei,11
2026-05-29T19:31:01,2026-06-09,21:30,90,Padel 2,60.0,frei,11
2026-05-29T19:31:01,2026-06-09,22:00,60,Padel 2,40.0,frei,11
2026-05-29T19:31:01,2026-06-09,08:00,60,Padel 4,24.0,frei,11
2026-05-29T19:31:01,2026-06-09,08:00,90,Padel 4,36.0,frei,11
2026-05-29T19:31:01,2026-06-09,08:00,120,Padel 4,48.0,frei,11
2026-05-29T19:31:01,2026-06-09,08:30,60,Padel 4,24.0,frei,11
2026-05-29T19:31:01,2026-06-09,08:30,90,Padel 4,36.0,frei,11
2026-05-29T19:31:01,2026-06-09,08:30,120,Padel 4,48.0,frei,11
2026-05-29T19:31:01,2026-06-09,09:00,60,Padel 4,24.0,frei,11
2026-05-29T19:31:01,2026-06-09,09:00,90,Padel 4,36.0,frei,11
2026-05-29T19:31:01,2026-06-09,09:30,60,Padel 4,24.0,frei,11
2026-05-29T19:31:01,2026-06-09,09:30,120,Padel 4,48.0,frei,11
2026-05-29T19:31:01,2026-06-09,10:00,90,Padel 4,36.0,frei,11
2026-05-29T19:31:01,2026-06-09,10:30,60,Padel 4,24.0,frei,11
2026-05-29T19:31:01,2026-06-09,14:30,60,Padel 4,24.0,frei,11
2026-05-29T19:31:01,2026-06-09,14:30,90,Padel 4,36.0,frei,11
2026-05-29T19:31:01,2026-06-09,14:30,120,Padel 4,56.0,frei,11
2026-05-29T19:31:01,2026-06-09,15:30,60,Padel 4,32.0,frei,11
2026-05-29T19:31:01,2026-06-09,15:30,90,Padel 4,52.0,frei,11
2026-05-29T19:31:01,2026-06-09,15:30,120,Padel 4,72.0,frei,11
2026-05-29T19:31:01,2026-06-09,16:00,60,Padel 4,40.0,frei,11
2026-05-29T19:31:01,2026-06-09,16:00,90,Padel 4,60.0,frei,11
2026-05-29T19:31:01,2026-06-09,16:00,120,Padel 4,80.0,frei,11
2026-05-29T19:31:01,2026-06-09,16:30,60,Padel 4,40.0,frei,11
2026-05-29T19:31:01,2026-06-09,16:30,90,Padel 4,60.0,frei,11
2026-05-29T19:31:01,2026-06-09,16:30,120,Padel 4,80.0,frei,11
2026-05-29T19:31:01,2026-06-09,17:00,60,Padel 4,40.0,frei,11
2026-05-29T19:31:01,2026-06-09,17:00,90,Padel 4,60.0,frei,11
2026-05-29T19:31:01,2026-06-09,17:00,120,Padel 4,80.0,frei,11
2026-05-29T19:31:01,2026-06-09,17:30,60,Padel 4,40.0,frei,11
2026-05-29T19:31:01,2026-06-09,17:30,90,Padel 4,60.0,frei,11
2026-05-29T19:31:01,2026-06-09,17:30,120,Padel 4,80.0,frei,11
2026-05-29T19:31:01,2026-06-09,18:00,60,Padel 4,40.0,frei,11
2026-05-29T19:31:01,2026-06-09,18:00,90,Padel 4,60.0,frei,11
2026-05-29T19:31:01,2026-06-09,18:00,120,Padel 4,80.0,frei,11
2026-05-29T19:31:01,2026-06-09,18:30,60,Padel 4,40.0,frei,11
2026-05-29T19:31:01,2026-06-09,18:30,90,Padel 4,60.0,frei,11
2026-05-29T19:31:01,2026-06-09,18:30,120,Padel 4,80.0,frei,11
2026-05-29T19:31:01,2026-06-09,19:00,60,Padel 4,40.0,frei,11
2026-05-29T19:31:01,2026-06-09,19:00,90,Padel 4,60.0,frei,11
2026-05-29T19:31:01,2026-06-09,19:00,120,Padel 4,80.0,frei,11
2026-05-29T19:31:01,2026-06-09,19:30,60,Padel 4,40.0,frei,11
2026-05-29T19:31:01,2026-06-09,19:30,90,Padel 4,60.0,frei,11
2026-05-29T19:31:01,2026-06-09,19:30,120,Padel 4,80.0,frei,11
2026-05-29T19:31:01,2026-06-09,20:00,60,Padel 4,40.0,frei,11
2026-05-29T19:31:01,2026-06-09,20:00,90,Padel 4,60.0,frei,11
2026-05-29T19:31:01,2026-06-09,20:00,120,Padel 4,80.0,frei,11
2026-05-29T19:31:01,2026-06-09,20:30,60,Padel 4,40.0,frei,11
2026-05-29T19:31:01,2026-06-09,20:30,90,Padel 4,60.0,frei,11
2026-05-29T19:31:01,2026-06-09,21:00,60,Padel 4,40.0,frei,11
2026-05-29T19:31:01,2026-06-09,21:00,120,Padel 4,80.0,frei,11
2026-05-29T19:31:01,2026-06-09,21:30,90,Padel 4,60.0,frei,11
2026-05-29T19:31:01,2026-06-09,22:00,60,Padel 4,40.0,frei,11
2026-05-29T19:31:01,2026-06-10,08:00,60,Padel 1,24.0,frei,12
2026-05-29T19:31:01,2026-06-10,08:00,90,Padel 1,36.0,frei,12
2026-05-29T19:31:01,2026-06-10,08:00,120,Padel 1,48.0,frei,12
2026-05-29T19:31:01,2026-06-10,08:30,60,Padel 1,24.0,frei,12
2026-05-29T19:31:01,2026-06-10,08:30,90,Padel 1,36.0,frei,12
2026-05-29T19:31:01,2026-06-10,08:30,120,Padel 1,48.0,frei,12
2026-05-29T19:31:01,2026-06-10,09:00,60,Padel 1,24.0,frei,12
2026-05-29T19:31:01,2026-06-10,09:00,90,Padel 1,36.0,frei,12
2026-05-29T19:31:01,2026-06-10,09:00,120,Padel 1,48.0,frei,12
2026-05-29T19:31:01,2026-06-10,09:30,60,Padel 1,24.0,frei,12
2026-05-29T19:31:01,2026-06-10,09:30,90,Padel 1,36.0,frei,12
2026-05-29T19:31:01,2026-06-10,09:30,120,Padel 1,48.0,frei,12
2026-05-29T19:31:01,2026-06-10,10:00,60,Padel 1,24.0,frei,12
2026-05-29T19:31:01,2026-06-10,10:00,90,Padel 1,36.0,frei,12
2026-05-29T19:31:01,2026-06-10,10:00,120,Padel 1,48.0,frei,12
2026-05-29T19:31:01,2026-06-10,10:30,60,Padel 1,24.0,frei,12
2026-05-29T19:31:01,2026-06-10,10:30,90,Padel 1,36.0,frei,12
2026-05-29T19:31:01,2026-06-10,10:30,120,Padel 1,48.0,frei,12
2026-05-29T19:31:01,2026-06-10,11:00,60,Padel 1,24.0,frei,12
2026-05-29T19:31:01,2026-06-10,11:00,90,Padel 1,36.0,frei,12
2026-05-29T19:31:01,2026-06-10,11:00,120,Padel 1,48.0,frei,12
2026-05-29T19:31:01,2026-06-10,11:30,60,Padel 1,24.0,frei,12
2026-05-29T19:31:01,2026-06-10,11:30,90,Padel 1,36.0,frei,12
2026-05-29T19:31:01,2026-06-10,11:30,120,Padel 1,48.0,frei,12
2026-05-29T19:31:01,2026-06-10,12:00,60,Padel 1,24.0,frei,12
2026-05-29T19:31:01,2026-06-10,12:00,90,Padel 1,36.0,frei,12
2026-05-29T19:31:01,2026-06-10,12:00,120,Padel 1,48.0,frei,12
2026-05-29T19:31:01,2026-06-10,12:30,60,Padel 1,24.0,frei,12
2026-05-29T19:31:01,2026-06-10,12:30,90,Padel 1,36.0,frei,12
2026-05-29T19:31:01,2026-06-10,12:30,120,Padel 1,48.0,frei,12
2026-05-29T19:31:01,2026-06-10,13:00,60,Padel 1,24.0,frei,12
2026-05-29T19:31:01,2026-06-10,13:00,90,Padel 1,36.0,frei,12
2026-05-29T19:31:01,2026-06-10,13:00,120,Padel 1,48.0,frei,12
2026-05-29T19:31:01,2026-06-10,13:30,60,Padel 1,24.0,frei,12
2026-05-29T19:31:01,2026-06-10,13:30,90,Padel 1,36.0,frei,12
2026-05-29T19:31:01,2026-06-10,13:30,120,Padel 1,48.0,frei,12
2026-05-29T19:31:01,2026-06-10,14:00,60,Padel 1,24.0,frei,12
2026-05-29T19:31:01,2026-06-10,14:00,90,Padel 1,36.0,frei,12
2026-05-29T19:31:01,2026-06-10,14:00,120,Padel 1,48.0,frei,12
2026-05-29T19:31:01,2026-06-10,14:30,60,Padel 1,24.0,frei,12
2026-05-29T19:31:01,2026-06-10,14:30,90,Padel 1,36.0,frei,12
2026-05-29T19:31:01,2026-06-10,14:30,120,Padel 1,56.0,frei,12
2026-05-29T19:31:01,2026-06-10,15:00,60,Padel 1,24.0,frei,12
2026-05-29T19:31:01,2026-06-10,15:00,90,Padel 1,44.0,frei,12
2026-05-29T19:31:01,2026-06-10,15:00,120,Padel 1,64.0,frei,12
2026-05-29T19:31:01,2026-06-10,15:30,60,Padel 1,32.0,frei,12
2026-05-29T19:31:01,2026-06-10,15:30,90,Padel 1,52.0,frei,12
2026-05-29T19:31:01,2026-06-10,15:30,120,Padel 1,72.0,frei,12
2026-05-29T19:31:01,2026-06-10,16:00,60,Padel 1,40.0,frei,12
2026-05-29T19:31:01,2026-06-10,16:00,90,Padel 1,60.0,frei,12
2026-05-29T19:31:01,2026-06-10,16:00,120,Padel 1,80.0,frei,12
2026-05-29T19:31:01,2026-06-10,16:30,60,Padel 1,40.0,frei,12
2026-05-29T19:31:01,2026-06-10,16:30,90,Padel 1,60.0,frei,12
2026-05-29T19:31:01,2026-06-10,16:30,120,Padel 1,80.0,frei,12
2026-05-29T19:31:01,2026-06-10,17:00,60,Padel 1,40.0,frei,12
2026-05-29T19:31:01,2026-06-10,17:00,90,Padel 1,60.0,frei,12
2026-05-29T19:31:01,2026-06-10,17:00,120,Padel 1,80.0,frei,12
2026-05-29T19:31:01,2026-06-10,17:30,60,Padel 1,40.0,frei,12
2026-05-29T19:31:01,2026-06-10,17:30,90,Padel 1,60.0,frei,12
2026-05-29T19:31:01,2026-06-10,18:00,60,Padel 1,40.0,frei,12
2026-05-29T19:31:01,2026-06-10,18:00,120,Padel 1,80.0,frei,12
2026-05-29T19:31:01,2026-06-10,18:30,90,Padel 1,60.0,frei,12
2026-05-29T19:31:01,2026-06-10,19:00,60,Padel 1,40.0,frei,12
2026-05-29T19:31:01,2026-06-10,22:00,60,Padel 1,40.0,frei,12
2026-05-29T19:31:01,2026-06-10,08:00,60,Padel 3,24.0,frei,12
2026-05-29T19:31:01,2026-06-10,08:00,90,Padel 3,36.0,frei,12
2026-05-29T19:31:01,2026-06-10,08:00,120,Padel 3,48.0,frei,12
2026-05-29T19:31:01,2026-06-10,08:30,60,Padel 3,24.0,frei,12
2026-05-29T19:31:01,2026-06-10,08:30,90,Padel 3,36.0,frei,12
2026-05-29T19:31:01,2026-06-10,08:30,120,Padel 3,48.0,frei,12
2026-05-29T19:31:01,2026-06-10,09:00,60,Padel 3,24.0,frei,12
2026-05-29T19:31:01,2026-06-10,09:00,90,Padel 3,36.0,frei,12
2026-05-29T19:31:01,2026-06-10,09:00,120,Padel 3,48.0,frei,12
2026-05-29T19:31:01,2026-06-10,09:30,60,Padel 3,24.0,frei,12
2026-05-29T19:31:01,2026-06-10,09:30,90,Padel 3,36.0,frei,12
2026-05-29T19:31:01,2026-06-10,09:30,120,Padel 3,48.0,frei,12
2026-05-29T19:31:01,2026-06-10,10:00,60,Padel 3,24.0,frei,12
2026-05-29T19:31:01,2026-06-10,10:00,90,Padel 3,36.0,frei,12
2026-05-29T19:31:01,2026-06-10,10:00,120,Padel 3,48.0,frei,12
2026-05-29T19:31:01,2026-06-10,10:30,60,Padel 3,24.0,frei,12
2026-05-29T19:31:01,2026-06-10,10:30,90,Padel 3,36.0,frei,12
2026-05-29T19:31:01,2026-06-10,10:30,120,Padel 3,48.0,frei,12
2026-05-29T19:31:01,2026-06-10,11:00,60,Padel 3,24.0,frei,12
2026-05-29T19:31:01,2026-06-10,11:00,90,Padel 3,36.0,frei,12
2026-05-29T19:31:01,2026-06-10,11:00,120,Padel 3,48.0,frei,12
2026-05-29T19:31:01,2026-06-10,11:30,60,Padel 3,24.0,frei,12
2026-05-29T19:31:01,2026-06-10,11:30,90,Padel 3,36.0,frei,12
2026-05-29T19:31:01,2026-06-10,11:30,120,Padel 3,48.0,frei,12
2026-05-29T19:31:01,2026-06-10,12:00,60,Padel 3,24.0,frei,12
2026-05-29T19:31:01,2026-06-10,12:00,90,Padel 3,36.0,frei,12
2026-05-29T19:31:01,2026-06-10,12:00,120,Padel 3,48.0,frei,12
2026-05-29T19:31:01,2026-06-10,12:30,60,Padel 3,24.0,frei,12
2026-05-29T19:31:01,2026-06-10,12:30,90,Padel 3,36.0,frei,12
2026-05-29T19:31:01,2026-06-10,12:30,120,Padel 3,48.0,frei,12
2026-05-29T19:31:01,2026-06-10,13:00,60,Padel 3,24.0,frei,12
2026-05-29T19:31:01,2026-06-10,13:00,90,Padel 3,36.0,frei,12
2026-05-29T19:31:01,2026-06-10,13:00,120,Padel 3,48.0,frei,12
2026-05-29T19:31:01,2026-06-10,13:30,60,Padel 3,24.0,frei,12
2026-05-29T19:31:01,2026-06-10,13:30,90,Padel 3,36.0,frei,12
2026-05-29T19:31:01,2026-06-10,13:30,120,Padel 3,48.0,frei,12
2026-05-29T19:31:01,2026-06-10,14:00,60,Padel 3,24.0,frei,12
2026-05-29T19:31:01,2026-06-10,14:00,90,Padel 3,36.0,frei,12
2026-05-29T19:31:01,2026-06-10,14:00,120,Padel 3,48.0,frei,12
2026-05-29T19:31:01,2026-06-10,14:30,60,Padel 3,24.0,frei,12
2026-05-29T19:31:01,2026-06-10,14:30,90,Padel 3,36.0,frei,12
2026-05-29T19:31:01,2026-06-10,14:30,120,Padel 3,56.0,frei,12
2026-05-29T19:31:01,2026-06-10,15:00,60,Padel 3,24.0,frei,12
2026-05-29T19:31:01,2026-06-10,15:00,90,Padel 3,44.0,frei,12
2026-05-29T19:31:01,2026-06-10,15:00,120,Padel 3,64.0,frei,12
2026-05-29T19:31:01,2026-06-10,15:30,60,Padel 3,32.0,frei,12
2026-05-29T19:31:01,2026-06-10,15:30,90,Padel 3,52.0,frei,12
2026-05-29T19:31:01,2026-06-10,15:30,120,Padel 3,72.0,frei,12
2026-05-29T19:31:01,2026-06-10,16:00,60,Padel 3,40.0,frei,12
2026-05-29T19:31:01,2026-06-10,16:00,90,Padel 3,60.0,frei,12
2026-05-29T19:31:01,2026-06-10,16:30,60,Padel 3,40.0,frei,12
2026-05-29T19:31:01,2026-06-10,16:30,120,Padel 3,80.0,frei,12
2026-05-29T19:31:01,2026-06-10,17:00,90,Padel 3,60.0,frei,12
2026-05-29T19:31:01,2026-06-10,17:30,60,Padel 3,40.0,frei,12
2026-05-29T19:31:01,2026-06-10,22:00,60,Padel 3,40.0,frei,12
2026-05-29T19:31:01,2026-06-10,08:00,60,Padel 2,24.0,frei,12
2026-05-29T19:31:01,2026-06-10,08:00,90,Padel 2,36.0,frei,12
2026-05-29T19:31:01,2026-06-10,08:00,120,Padel 2,48.0,frei,12
2026-05-29T19:31:01,2026-06-10,08:30,60,Padel 2,24.0,frei,12
2026-05-29T19:31:01,2026-06-10,08:30,90,Padel 2,36.0,frei,12
2026-05-29T19:31:01,2026-06-10,08:30,120,Padel 2,48.0,frei,12
2026-05-29T19:31:01,2026-06-10,09:00,60,Padel 2,24.0,frei,12
2026-05-29T19:31:01,2026-06-10,09:00,90,Padel 2,36.0,frei,12
2026-05-29T19:31:01,2026-06-10,09:00,120,Padel 2,48.0,frei,12
2026-05-29T19:31:01,2026-06-10,09:30,60,Padel 2,24.0,frei,12
2026-05-29T19:31:01,2026-06-10,09:30,90,Padel 2,36.0,frei,12
2026-05-29T19:31:01,2026-06-10,09:30,120,Padel 2,48.0,frei,12
2026-05-29T19:31:01,2026-06-10,10:00,60,Padel 2,24.0,frei,12
2026-05-29T19:31:01,2026-06-10,10:00,90,Padel 2,36.0,frei,12
2026-05-29T19:31:01,2026-06-10,10:00,120,Padel 2,48.0,frei,12
2026-05-29T19:31:01,2026-06-10,10:30,60,Padel 2,24.0,frei,12
2026-05-29T19:31:01,2026-06-10,10:30,90,Padel 2,36.0,frei,12
2026-05-29T19:31:01,2026-06-10,10:30,120,Padel 2,48.0,frei,12
2026-05-29T19:31:01,2026-06-10,11:00,60,Padel 2,24.0,frei,12
2026-05-29T19:31:01,2026-06-10,11:00,90,Padel 2,36.0,frei,12
2026-05-29T19:31:01,2026-06-10,11:00,120,Padel 2,48.0,frei,12
2026-05-29T19:31:01,2026-06-10,11:30,60,Padel 2,24.0,frei,12
2026-05-29T19:31:01,2026-06-10,11:30,90,Padel 2,36.0,frei,12
2026-05-29T19:31:01,2026-06-10,11:30,120,Padel 2,48.0,frei,12
2026-05-29T19:31:01,2026-06-10,12:00,60,Padel 2,24.0,frei,12
2026-05-29T19:31:01,2026-06-10,12:00,90,Padel 2,36.0,frei,12
2026-05-29T19:31:01,2026-06-10,12:00,120,Padel 2,48.0,frei,12
2026-05-29T19:31:01,2026-06-10,12:30,60,Padel 2,24.0,frei,12
2026-05-29T19:31:01,2026-06-10,12:30,90,Padel 2,36.0,frei,12
2026-05-29T19:31:01,2026-06-10,12:30,120,Padel 2,48.0,frei,12
2026-05-29T19:31:01,2026-06-10,13:00,60,Padel 2,24.0,frei,12
2026-05-29T19:31:01,2026-06-10,13:00,90,Padel 2,36.0,frei,12
2026-05-29T19:31:01,2026-06-10,13:00,120,Padel 2,48.0,frei,12
2026-05-29T19:31:01,2026-06-10,13:30,60,Padel 2,24.0,frei,12
2026-05-29T19:31:01,2026-06-10,13:30,90,Padel 2,36.0,frei,12
2026-05-29T19:31:01,2026-06-10,13:30,120,Padel 2,48.0,frei,12
2026-05-29T19:31:01,2026-06-10,14:00,60,Padel 2,24.0,frei,12
2026-05-29T19:31:01,2026-06-10,14:00,90,Padel 2,36.0,frei,12
2026-05-29T19:31:01,2026-06-10,14:00,120,Padel 2,48.0,frei,12
2026-05-29T19:31:01,2026-06-10,14:30,60,Padel 2,24.0,frei,12
2026-05-29T19:31:01,2026-06-10,14:30,90,Padel 2,36.0,frei,12
2026-05-29T19:31:01,2026-06-10,14:30,120,Padel 2,56.0,frei,12
2026-05-29T19:31:01,2026-06-10,15:00,60,Padel 2,24.0,frei,12
2026-05-29T19:31:01,2026-06-10,15:00,90,Padel 2,44.0,frei,12
2026-05-29T19:31:01,2026-06-10,15:00,120,Padel 2,64.0,frei,12
2026-05-29T19:31:01,2026-06-10,15:30,60,Padel 2,32.0,frei,12
2026-05-29T19:31:01,2026-06-10,15:30,90,Padel 2,52.0,frei,12
2026-05-29T19:31:01,2026-06-10,16:00,60,Padel 2,40.0,frei,12
2026-05-29T19:31:01,2026-06-10,16:00,120,Padel 2,80.0,frei,12
2026-05-29T19:31:01,2026-06-10,16:30,90,Padel 2,60.0,frei,12
2026-05-29T19:31:01,2026-06-10,17:00,60,Padel 2,40.0,frei,12
2026-05-29T19:31:01,2026-06-10,19:00,60,Padel 2,40.0,frei,12
2026-05-29T19:31:01,2026-06-10,22:00,60,Padel 2,40.0,frei,12
2026-05-29T19:31:01,2026-06-10,08:00,60,Padel 4,24.0,frei,12
2026-05-29T19:31:01,2026-06-10,08:00,90,Padel 4,36.0,frei,12
2026-05-29T19:31:01,2026-06-10,08:00,120,Padel 4,48.0,frei,12
2026-05-29T19:31:01,2026-06-10,08:30,60,Padel 4,24.0,frei,12
2026-05-29T19:31:01,2026-06-10,08:30,90,Padel 4,36.0,frei,12
2026-05-29T19:31:01,2026-06-10,08:30,120,Padel 4,48.0,frei,12
2026-05-29T19:31:01,2026-06-10,09:00,60,Padel 4,24.0,frei,12
2026-05-29T19:31:01,2026-06-10,09:00,90,Padel 4,36.0,frei,12
2026-05-29T19:31:01,2026-06-10,09:00,120,Padel 4,48.0,frei,12
2026-05-29T19:31:01,2026-06-10,09:30,60,Padel 4,24.0,frei,12
2026-05-29T19:31:01,2026-06-10,09:30,90,Padel 4,36.0,frei,12
2026-05-29T19:31:01,2026-06-10,09:30,120,Padel 4,48.0,frei,12
2026-05-29T19:31:01,2026-06-10,10:00,60,Padel 4,24.0,frei,12
2026-05-29T19:31:01,2026-06-10,10:00,90,Padel 4,36.0,frei,12
2026-05-29T19:31:01,2026-06-10,10:00,120,Padel 4,48.0,frei,12
2026-05-29T19:31:01,2026-06-10,10:30,60,Padel 4,24.0,frei,12
2026-05-29T19:31:01,2026-06-10,10:30,90,Padel 4,36.0,frei,12
2026-05-29T19:31:01,2026-06-10,10:30,120,Padel 4,48.0,frei,12
2026-05-29T19:31:01,2026-06-10,11:00,60,Padel 4,24.0,frei,12
2026-05-29T19:31:01,2026-06-10,11:00,90,Padel 4,36.0,frei,12
2026-05-29T19:31:01,2026-06-10,11:00,120,Padel 4,48.0,frei,12
2026-05-29T19:31:01,2026-06-10,11:30,60,Padel 4,24.0,frei,12
2026-05-29T19:31:01,2026-06-10,11:30,90,Padel 4,36.0,frei,12
2026-05-29T19:31:01,2026-06-10,11:30,120,Padel 4,48.0,frei,12
2026-05-29T19:31:01,2026-06-10,12:00,60,Padel 4,24.0,frei,12
2026-05-29T19:31:01,2026-06-10,12:00,90,Padel 4,36.0,frei,12
2026-05-29T19:31:01,2026-06-10,12:00,120,Padel 4,48.0,frei,12
2026-05-29T19:31:01,2026-06-10,12:30,60,Padel 4,24.0,frei,12
2026-05-29T19:31:01,2026-06-10,12:30,90,Padel 4,36.0,frei,12
2026-05-29T19:31:01,2026-06-10,12:30,120,Padel 4,48.0,frei,12
2026-05-29T19:31:01,2026-06-10,13:00,60,Padel 4,24.0,frei,12
2026-05-29T19:31:01,2026-06-10,13:00,90,Padel 4,36.0,frei,12
2026-05-29T19:31:01,2026-06-10,13:00,120,Padel 4,48.0,frei,12
2026-05-29T19:31:01,2026-06-10,13:30,60,Padel 4,24.0,frei,12
2026-05-29T19:31:01,2026-06-10,13:30,90,Padel 4,36.0,frei,12
2026-05-29T19:31:01,2026-06-10,13:30,120,Padel 4,48.0,frei,12
2026-05-29T19:31:01,2026-06-10,14:00,60,Padel 4,24.0,frei,12
2026-05-29T19:31:01,2026-06-10,14:00,90,Padel 4,36.0,frei,12
2026-05-29T19:31:01,2026-06-10,14:00,120,Padel 4,48.0,frei,12
2026-05-29T19:31:01,2026-06-10,14:30,60,Padel 4,24.0,frei,12
2026-05-29T19:31:01,2026-06-10,14:30,90,Padel 4,36.0,frei,12
2026-05-29T19:31:01,2026-06-10,14:30,120,Padel 4,56.0,frei,12
2026-05-29T19:31:01,2026-06-10,15:00,60,Padel 4,24.0,frei,12
2026-05-29T19:31:01,2026-06-10,15:00,90,Padel 4,44.0,frei,12
2026-05-29T19:31:01,2026-06-10,15:00,120,Padel 4,64.0,frei,12
2026-05-29T19:31:01,2026-06-10,15:30,60,Padel 4,32.0,frei,12
2026-05-29T19:31:01,2026-06-10,15:30,90,Padel 4,52.0,frei,12
2026-05-29T19:31:01,2026-06-10,15:30,120,Padel 4,72.0,frei,12
2026-05-29T19:31:01,2026-06-10,16:00,60,Padel 4,40.0,frei,12
2026-05-29T19:31:01,2026-06-10,16:00,90,Padel 4,60.0,frei,12
2026-05-29T19:31:01,2026-06-10,16:30,60,Padel 4,40.0,frei,12
2026-05-29T19:31:01,2026-06-10,16:30,120,Padel 4,80.0,frei,12
2026-05-29T19:31:01,2026-06-10,17:00,90,Padel 4,60.0,frei,12
2026-05-29T19:31:01,2026-06-10,17:30,60,Padel 4,40.0,frei,12
2026-05-29T19:31:01,2026-06-10,22:00,60,Padel 4,40.0,frei,12
2026-05-29T19:31:01,2026-06-11,08:00,60,Padel 1,24.0,frei,13
2026-05-29T19:31:01,2026-06-11,08:00,90,Padel 1,36.0,frei,13
2026-05-29T19:31:01,2026-06-11,08:00,120,Padel 1,48.0,frei,13
2026-05-29T19:31:01,2026-06-11,08:30,60,Padel 1,24.0,frei,13
2026-05-29T19:31:01,2026-06-11,08:30,90,Padel 1,36.0,frei,13
2026-05-29T19:31:01,2026-06-11,08:30,120,Padel 1,48.0,frei,13
2026-05-29T19:31:01,2026-06-11,09:00,60,Padel 1,24.0,frei,13
2026-05-29T19:31:01,2026-06-11,09:00,90,Padel 1,36.0,frei,13
2026-05-29T19:31:01,2026-06-11,09:00,120,Padel 1,48.0,frei,13
2026-05-29T19:31:01,2026-06-11,09:30,60,Padel 1,24.0,frei,13
2026-05-29T19:31:01,2026-06-11,09:30,90,Padel 1,36.0,frei,13
2026-05-29T19:31:01,2026-06-11,09:30,120,Padel 1,48.0,frei,13
2026-05-29T19:31:01,2026-06-11,10:00,60,Padel 1,24.0,frei,13
2026-05-29T19:31:01,2026-06-11,10:00,90,Padel 1,36.0,frei,13
2026-05-29T19:31:01,2026-06-11,10:30,60,Padel 1,24.0,frei,13
2026-05-29T19:31:01,2026-06-11,10:30,120,Padel 1,48.0,frei,13
2026-05-29T19:31:01,2026-06-11,11:00,90,Padel 1,36.0,frei,13
2026-05-29T19:31:01,2026-06-11,11:30,60,Padel 1,24.0,frei,13
2026-05-29T19:31:01,2026-06-11,14:00,60,Padel 1,24.0,frei,13
2026-05-29T19:31:01,2026-06-11,14:00,90,Padel 1,36.0,frei,13
2026-05-29T19:31:01,2026-06-11,14:00,120,Padel 1,48.0,frei,13
2026-05-29T19:31:01,2026-06-11,15:00,60,Padel 1,24.0,frei,13
2026-05-29T19:31:01,2026-06-11,15:00,90,Padel 1,44.0,frei,13
2026-05-29T19:31:01,2026-06-11,15:00,120,Padel 1,64.0,frei,13
2026-05-29T19:31:01,2026-06-11,15:30,60,Padel 1,32.0,frei,13
2026-05-29T19:31:01,2026-06-11,15:30,90,Padel 1,52.0,frei,13
2026-05-29T19:31:01,2026-06-11,15:30,120,Padel 1,72.0,frei,13
2026-05-29T19:31:01,2026-06-11,16:00,60,Padel 1,40.0,frei,13
2026-05-29T19:31:01,2026-06-11,16:00,90,Padel 1,60.0,frei,13
2026-05-29T19:31:01,2026-06-11,16:00,120,Padel 1,80.0,frei,13
2026-05-29T19:31:01,2026-06-11,16:30,60,Padel 1,40.0,frei,13
2026-05-29T19:31:01,2026-06-11,16:30,90,Padel 1,60.0,frei,13
2026-05-29T19:31:01,2026-06-11,16:30,120,Padel 1,80.0,frei,13
2026-05-29T19:31:01,2026-06-11,17:00,60,Padel 1,40.0,frei,13
2026-05-29T19:31:01,2026-06-11,17:00,90,Padel 1,60.0,frei,13
2026-05-29T19:31:01,2026-06-11,17:00,120,Padel 1,80.0,frei,13
2026-05-29T19:31:01,2026-06-11,17:30,60,Padel 1,40.0,frei,13
2026-05-29T19:31:01,2026-06-11,17:30,90,Padel 1,60.0,frei,13
2026-05-29T19:31:01,2026-06-11,18:00,60,Padel 1,40.0,frei,13
2026-05-29T19:31:01,2026-06-11,18:00,120,Padel 1,80.0,frei,13
2026-05-29T19:31:01,2026-06-11,18:30,90,Padel 1,60.0,frei,13
2026-05-29T19:31:01,2026-06-11,19:00,60,Padel 1,40.0,frei,13
2026-05-29T19:31:01,2026-06-11,21:30,90,Padel 1,60.0,frei,13
2026-05-29T19:31:01,2026-06-11,08:00,60,Padel 3,24.0,frei,13
2026-05-29T19:31:01,2026-06-11,08:00,90,Padel 3,36.0,frei,13
2026-05-29T19:31:01,2026-06-11,08:00,120,Padel 3,48.0,frei,13
2026-05-29T19:31:01,2026-06-11,08:30,60,Padel 3,24.0,frei,13
2026-05-29T19:31:01,2026-06-11,08:30,90,Padel 3,36.0,frei,13
2026-05-29T19:31:01,2026-06-11,08:30,120,Padel 3,48.0,frei,13
2026-05-29T19:31:01,2026-06-11,09:00,60,Padel 3,24.0,frei,13
2026-05-29T19:31:01,2026-06-11,09:00,90,Padel 3,36.0,frei,13
2026-05-29T19:31:01,2026-06-11,09:00,120,Padel 3,48.0,frei,13
2026-05-29T19:31:01,2026-06-11,09:30,60,Padel 3,24.0,frei,13
2026-05-29T19:31:01,2026-06-11,09:30,90,Padel 3,36.0,frei,13
2026-05-29T19:31:01,2026-06-11,09:30,120,Padel 3,48.0,frei,13
2026-05-29T19:31:01,2026-06-11,10:00,60,Padel 3,24.0,frei,13
2026-05-29T19:31:01,2026-06-11,10:00,90,Padel 3,36.0,frei,13
2026-05-29T19:31:01,2026-06-11,10:00,120,Padel 3,48.0,frei,13
2026-05-29T19:31:01,2026-06-11,10:30,60,Padel 3,24.0,frei,13
2026-05-29T19:31:01,2026-06-11,10:30,90,Padel 3,36.0,frei,13
2026-05-29T19:31:01,2026-06-11,10:30,120,Padel 3,48.0,frei,13
2026-05-29T19:31:01,2026-06-11,11:00,60,Padel 3,24.0,frei,13
2026-05-29T19:31:01,2026-06-11,11:00,90,Padel 3,36.0,frei,13
2026-05-29T19:31:01,2026-06-11,11:00,120,Padel 3,48.0,frei,13
2026-05-29T19:31:01,2026-06-11,11:30,60,Padel 3,24.0,frei,13
2026-05-29T19:31:01,2026-06-11,11:30,90,Padel 3,36.0,frei,13
2026-05-29T19:31:01,2026-06-11,11:30,120,Padel 3,48.0,frei,13
2026-05-29T19:31:01,2026-06-11,12:00,60,Padel 3,24.0,frei,13
2026-05-29T19:31:01,2026-06-11,12:00,90,Padel 3,36.0,frei,13
2026-05-29T19:31:01,2026-06-11,12:00,120,Padel 3,48.0,frei,13
2026-05-29T19:31:01,2026-06-11,12:30,60,Padel 3,24.0,frei,13
2026-05-29T19:31:01,2026-06-11,12:30,90,Padel 3,36.0,frei,13
2026-05-29T19:31:01,2026-06-11,12:30,120,Padel 3,48.0,frei,13
2026-05-29T19:31:01,2026-06-11,13:00,60,Padel 3,24.0,frei,13
2026-05-29T19:31:01,2026-06-11,13:00,90,Padel 3,36.0,frei,13
2026-05-29T19:31:01,2026-06-11,13:00,120,Padel 3,48.0,frei,13
2026-05-29T19:31:01,2026-06-11,13:30,60,Padel 3,24.0,frei,13
2026-05-29T19:31:01,2026-06-11,13:30,90,Padel 3,36.0,frei,13
2026-05-29T19:31:01,2026-06-11,13:30,120,Padel 3,48.0,frei,13
2026-05-29T19:31:01,2026-06-11,14:00,60,Padel 3,24.0,frei,13
2026-05-29T19:31:01,2026-06-11,14:00,90,Padel 3,36.0,frei,13
2026-05-29T19:31:01,2026-06-11,14:00,120,Padel 3,48.0,frei,13
2026-05-29T19:31:01,2026-06-11,14:30,60,Padel 3,24.0,frei,13
2026-05-29T19:31:01,2026-06-11,14:30,90,Padel 3,36.0,frei,13
2026-05-29T19:31:01,2026-06-11,14:30,120,Padel 3,56.0,frei,13
2026-05-29T19:31:01,2026-06-11,15:00,60,Padel 3,24.0,frei,13
2026-05-29T19:31:01,2026-06-11,15:00,90,Padel 3,44.0,frei,13
2026-05-29T19:31:01,2026-06-11,15:00,120,Padel 3,64.0,frei,13
2026-05-29T19:31:01,2026-06-11,15:30,60,Padel 3,32.0,frei,13
2026-05-29T19:31:01,2026-06-11,15:30,90,Padel 3,52.0,frei,13
2026-05-29T19:31:01,2026-06-11,15:30,120,Padel 3,72.0,frei,13
2026-05-29T19:31:01,2026-06-11,16:00,60,Padel 3,40.0,frei,13
2026-05-29T19:31:01,2026-06-11,16:00,90,Padel 3,60.0,frei,13
2026-05-29T19:31:01,2026-06-11,16:00,120,Padel 3,80.0,frei,13
2026-05-29T19:31:01,2026-06-11,16:30,60,Padel 3,40.0,frei,13
2026-05-29T19:31:01,2026-06-11,16:30,90,Padel 3,60.0,frei,13
2026-05-29T19:31:01,2026-06-11,16:30,120,Padel 3,80.0,frei,13
2026-05-29T19:31:01,2026-06-11,17:00,60,Padel 3,40.0,frei,13
2026-05-29T19:31:01,2026-06-11,17:00,90,Padel 3,60.0,frei,13
2026-05-29T19:31:01,2026-06-11,17:00,120,Padel 3,80.0,frei,13
2026-05-29T19:31:01,2026-06-11,17:30,60,Padel 3,40.0,frei,13
2026-05-29T19:31:01,2026-06-11,17:30,90,Padel 3,60.0,frei,13
2026-05-29T19:31:01,2026-06-11,17:30,120,Padel 3,80.0,frei,13
2026-05-29T19:31:01,2026-06-11,18:00,60,Padel 3,40.0,frei,13
2026-05-29T19:31:01,2026-06-11,18:00,90,Padel 3,60.0,frei,13
2026-05-29T19:31:01,2026-06-11,18:00,120,Padel 3,80.0,frei,13
2026-05-29T19:31:01,2026-06-11,18:30,60,Padel 3,40.0,frei,13
2026-05-29T19:31:01,2026-06-11,18:30,90,Padel 3,60.0,frei,13
2026-05-29T19:31:01,2026-06-11,18:30,120,Padel 3,80.0,frei,13
2026-05-29T19:31:01,2026-06-11,19:00,60,Padel 3,40.0,frei,13
2026-05-29T19:31:01,2026-06-11,19:00,90,Padel 3,60.0,frei,13
2026-05-29T19:31:01,2026-06-11,19:00,120,Padel 3,80.0,frei,13
2026-05-29T19:31:01,2026-06-11,19:30,60,Padel 3,40.0,frei,13
2026-05-29T19:31:01,2026-06-11,19:30,90,Padel 3,60.0,frei,13
2026-05-29T19:31:01,2026-06-11,19:30,120,Padel 3,80.0,frei,13
2026-05-29T19:31:01,2026-06-11,20:00,60,Padel 3,40.0,frei,13
2026-05-29T19:31:01,2026-06-11,20:00,90,Padel 3,60.0,frei,13
2026-05-29T19:31:01,2026-06-11,20:00,120,Padel 3,80.0,frei,13
2026-05-29T19:31:01,2026-06-11,20:30,60,Padel 3,40.0,frei,13
2026-05-29T19:31:01,2026-06-11,20:30,90,Padel 3,60.0,frei,13
2026-05-29T19:31:01,2026-06-11,21:00,60,Padel 3,40.0,frei,13
2026-05-29T19:31:01,2026-06-11,21:00,120,Padel 3,80.0,frei,13
2026-05-29T19:31:01,2026-06-11,21:30,90,Padel 3,60.0,frei,13
2026-05-29T19:31:01,2026-06-11,22:00,60,Padel 3,40.0,frei,13
2026-05-29T19:31:01,2026-06-11,08:00,60,Padel 2,24.0,frei,13
2026-05-29T19:31:01,2026-06-11,08:00,90,Padel 2,36.0,frei,13
2026-05-29T19:31:01,2026-06-11,08:00,120,Padel 2,48.0,frei,13
2026-05-29T19:31:01,2026-06-11,08:30,60,Padel 2,24.0,frei,13
2026-05-29T19:31:01,2026-06-11,08:30,90,Padel 2,36.0,frei,13
2026-05-29T19:31:01,2026-06-11,08:30,120,Padel 2,48.0,frei,13
2026-05-29T19:31:01,2026-06-11,09:00,60,Padel 2,24.0,frei,13
2026-05-29T19:31:01,2026-06-11,09:00,90,Padel 2,36.0,frei,13
2026-05-29T19:31:01,2026-06-11,09:00,120,Padel 2,48.0,frei,13
2026-05-29T19:31:01,2026-06-11,09:30,60,Padel 2,24.0,frei,13
2026-05-29T19:31:01,2026-06-11,09:30,90,Padel 2,36.0,frei,13
2026-05-29T19:31:01,2026-06-11,09:30,120,Padel 2,48.0,frei,13
2026-05-29T19:31:01,2026-06-11,10:00,60,Padel 2,24.0,frei,13
2026-05-29T19:31:01,2026-06-11,10:00,90,Padel 2,36.0,frei,13
2026-05-29T19:31:01,2026-06-11,10:00,120,Padel 2,48.0,frei,13
2026-05-29T19:31:01,2026-06-11,10:30,60,Padel 2,24.0,frei,13
2026-05-29T19:31:01,2026-06-11,10:30,90,Padel 2,36.0,frei,13
2026-05-29T19:31:01,2026-06-11,10:30,120,Padel 2,48.0,frei,13
2026-05-29T19:31:01,2026-06-11,11:00,60,Padel 2,24.0,frei,13
2026-05-29T19:31:01,2026-06-11,11:00,90,Padel 2,36.0,frei,13
2026-05-29T19:31:01,2026-06-11,11:00,120,Padel 2,48.0,frei,13
2026-05-29T19:31:01,2026-06-11,11:30,60,Padel 2,24.0,frei,13
2026-05-29T19:31:01,2026-06-11,11:30,90,Padel 2,36.0,frei,13
2026-05-29T19:31:01,2026-06-11,11:30,120,Padel 2,48.0,frei,13
2026-05-29T19:31:01,2026-06-11,12:00,60,Padel 2,24.0,frei,13
2026-05-29T19:31:01,2026-06-11,12:00,90,Padel 2,36.0,frei,13
2026-05-29T19:31:01,2026-06-11,12:00,120,Padel 2,48.0,frei,13
2026-05-29T19:31:01,2026-06-11,12:30,60,Padel 2,24.0,frei,13
2026-05-29T19:31:01,2026-06-11,12:30,90,Padel 2,36.0,frei,13
2026-05-29T19:31:01,2026-06-11,12:30,120,Padel 2,48.0,frei,13
2026-05-29T19:31:01,2026-06-11,13:00,60,Padel 2,24.0,frei,13
2026-05-29T19:31:01,2026-06-11,13:00,90,Padel 2,36.0,frei,13
2026-05-29T19:31:01,2026-06-11,13:00,120,Padel 2,48.0,frei,13
2026-05-29T19:31:01,2026-06-11,13:30,60,Padel 2,24.0,frei,13
2026-05-29T19:31:01,2026-06-11,13:30,90,Padel 2,36.0,frei,13
2026-05-29T19:31:01,2026-06-11,13:30,120,Padel 2,48.0,frei,13
2026-05-29T19:31:01,2026-06-11,14:00,60,Padel 2,24.0,frei,13
2026-05-29T19:31:01,2026-06-11,14:00,90,Padel 2,36.0,frei,13
2026-05-29T19:31:01,2026-06-11,14:00,120,Padel 2,48.0,frei,13
2026-05-29T19:31:01,2026-06-11,14:30,60,Padel 2,24.0,frei,13
2026-05-29T19:31:01,2026-06-11,14:30,90,Padel 2,36.0,frei,13
2026-05-29T19:31:01,2026-06-11,14:30,120,Padel 2,56.0,frei,13
2026-05-29T19:31:01,2026-06-11,15:00,60,Padel 2,24.0,frei,13
2026-05-29T19:31:01,2026-06-11,15:00,90,Padel 2,44.0,frei,13
2026-05-29T19:31:01,2026-06-11,15:00,120,Padel 2,64.0,frei,13
2026-05-29T19:31:01,2026-06-11,15:30,60,Padel 2,32.0,frei,13
2026-05-29T19:31:01,2026-06-11,15:30,90,Padel 2,52.0,frei,13
2026-05-29T19:31:01,2026-06-11,15:30,120,Padel 2,72.0,frei,13
2026-05-29T19:31:01,2026-06-11,16:00,60,Padel 2,40.0,frei,13
2026-05-29T19:31:01,2026-06-11,16:00,90,Padel 2,60.0,frei,13
2026-05-29T19:31:01,2026-06-11,16:30,60,Padel 2,40.0,frei,13
2026-05-29T19:31:01,2026-06-11,16:30,120,Padel 2,80.0,frei,13
2026-05-29T19:31:01,2026-06-11,17:00,90,Padel 2,60.0,frei,13
2026-05-29T19:31:01,2026-06-11,17:30,60,Padel 2,40.0,frei,13
2026-05-29T19:31:01,2026-06-11,20:00,60,Padel 2,40.0,frei,13
2026-05-29T19:31:01,2026-06-11,20:00,90,Padel 2,60.0,frei,13
2026-05-29T19:31:01,2026-06-11,20:00,120,Padel 2,80.0,frei,13
2026-05-29T19:31:01,2026-06-11,21:00,60,Padel 2,40.0,frei,13
2026-05-29T19:31:01,2026-06-11,21:00,120,Padel 2,80.0,frei,13
2026-05-29T19:31:01,2026-06-11,21:30,90,Padel 2,60.0,frei,13
2026-05-29T19:31:01,2026-06-11,22:00,60,Padel 2,40.0,frei,13
2026-05-29T19:31:01,2026-06-11,08:00,60,Padel 4,24.0,frei,13
2026-05-29T19:31:01,2026-06-11,08:00,90,Padel 4,36.0,frei,13
2026-05-29T19:31:01,2026-06-11,08:00,120,Padel 4,48.0,frei,13
2026-05-29T19:31:01,2026-06-11,08:30,60,Padel 4,24.0,frei,13
2026-05-29T19:31:01,2026-06-11,08:30,90,Padel 4,36.0,frei,13
2026-05-29T19:31:01,2026-06-11,08:30,120,Padel 4,48.0,frei,13
2026-05-29T19:31:01,2026-06-11,09:00,60,Padel 4,24.0,frei,13
2026-05-29T19:31:01,2026-06-11,09:00,90,Padel 4,36.0,frei,13
2026-05-29T19:31:01,2026-06-11,09:00,120,Padel 4,48.0,frei,13
2026-05-29T19:31:01,2026-06-11,09:30,60,Padel 4,24.0,frei,13
2026-05-29T19:31:01,2026-06-11,09:30,90,Padel 4,36.0,frei,13
2026-05-29T19:31:01,2026-06-11,09:30,120,Padel 4,48.0,frei,13
2026-05-29T19:31:01,2026-06-11,10:00,60,Padel 4,24.0,frei,13
2026-05-29T19:31:01,2026-06-11,10:00,90,Padel 4,36.0,frei,13
2026-05-29T19:31:01,2026-06-11,10:00,120,Padel 4,48.0,frei,13
2026-05-29T19:31:01,2026-06-11,10:30,60,Padel 4,24.0,frei,13
2026-05-29T19:31:01,2026-06-11,10:30,90,Padel 4,36.0,frei,13
2026-05-29T19:31:01,2026-06-11,10:30,120,Padel 4,48.0,frei,13
2026-05-29T19:31:01,2026-06-11,11:00,60,Padel 4,24.0,frei,13
2026-05-29T19:31:01,2026-06-11,11:00,90,Padel 4,36.0,frei,13
2026-05-29T19:31:01,2026-06-11,11:00,120,Padel 4,48.0,frei,13
2026-05-29T19:31:01,2026-06-11,11:30,60,Padel 4,24.0,frei,13
2026-05-29T19:31:01,2026-06-11,11:30,90,Padel 4,36.0,frei,13
2026-05-29T19:31:01,2026-06-11,11:30,120,Padel 4,48.0,frei,13
2026-05-29T19:31:01,2026-06-11,12:00,60,Padel 4,24.0,frei,13
2026-05-29T19:31:01,2026-06-11,12:00,90,Padel 4,36.0,frei,13
2026-05-29T19:31:01,2026-06-11,12:00,120,Padel 4,48.0,frei,13
2026-05-29T19:31:01,2026-06-11,12:30,60,Padel 4,24.0,frei,13
2026-05-29T19:31:01,2026-06-11,12:30,90,Padel 4,36.0,frei,13
2026-05-29T19:31:01,2026-06-11,12:30,120,Padel 4,48.0,frei,13
2026-05-29T19:31:01,2026-06-11,13:00,60,Padel 4,24.0,frei,13
2026-05-29T19:31:01,2026-06-11,13:00,90,Padel 4,36.0,frei,13
2026-05-29T19:31:01,2026-06-11,13:00,120,Padel 4,48.0,frei,13
2026-05-29T19:31:01,2026-06-11,13:30,60,Padel 4,24.0,frei,13
2026-05-29T19:31:01,2026-06-11,13:30,90,Padel 4,36.0,frei,13
2026-05-29T19:31:01,2026-06-11,13:30,120,Padel 4,48.0,frei,13
2026-05-29T19:31:01,2026-06-11,14:00,60,Padel 4,24.0,frei,13
2026-05-29T19:31:01,2026-06-11,14:00,90,Padel 4,36.0,frei,13
2026-05-29T19:31:01,2026-06-11,14:00,120,Padel 4,48.0,frei,13
2026-05-29T19:31:01,2026-06-11,14:30,60,Padel 4,24.0,frei,13
2026-05-29T19:31:01,2026-06-11,14:30,90,Padel 4,36.0,frei,13
2026-05-29T19:31:01,2026-06-11,14:30,120,Padel 4,56.0,frei,13
2026-05-29T19:31:01,2026-06-11,15:00,60,Padel 4,24.0,frei,13
2026-05-29T19:31:01,2026-06-11,15:00,90,Padel 4,44.0,frei,13
2026-05-29T19:31:01,2026-06-11,15:00,120,Padel 4,64.0,frei,13
2026-05-29T19:31:01,2026-06-11,15:30,60,Padel 4,32.0,frei,13
2026-05-29T19:31:01,2026-06-11,15:30,90,Padel 4,52.0,frei,13
2026-05-29T19:31:01,2026-06-11,15:30,120,Padel 4,72.0,frei,13
2026-05-29T19:31:01,2026-06-11,16:00,60,Padel 4,40.0,frei,13
2026-05-29T19:31:01,2026-06-11,16:00,90,Padel 4,60.0,frei,13
2026-05-29T19:31:01,2026-06-11,16:00,120,Padel 4,80.0,frei,13
2026-05-29T19:31:01,2026-06-11,16:30,60,Padel 4,40.0,frei,13
2026-05-29T19:31:01,2026-06-11,16:30,90,Padel 4,60.0,frei,13
2026-05-29T19:31:01,2026-06-11,16:30,120,Padel 4,80.0,frei,13
2026-05-29T19:31:01,2026-06-11,17:00,60,Padel 4,40.0,frei,13
2026-05-29T19:31:01,2026-06-11,17:00,90,Padel 4,60.0,frei,13
2026-05-29T19:31:01,2026-06-11,17:00,120,Padel 4,80.0,frei,13
2026-05-29T19:31:01,2026-06-11,17:30,60,Padel 4,40.0,frei,13
2026-05-29T19:31:01,2026-06-11,17:30,90,Padel 4,60.0,frei,13
2026-05-29T19:31:01,2026-06-11,17:30,120,Padel 4,80.0,frei,13
2026-05-29T19:31:01,2026-06-11,18:00,60,Padel 4,40.0,frei,13
2026-05-29T19:31:01,2026-06-11,18:00,90,Padel 4,60.0,frei,13
2026-05-29T19:31:01,2026-06-11,18:00,120,Padel 4,80.0,frei,13
2026-05-29T19:31:01,2026-06-11,18:30,60,Padel 4,40.0,frei,13
2026-05-29T19:31:01,2026-06-11,18:30,90,Padel 4,60.0,frei,13
2026-05-29T19:31:01,2026-06-11,18:30,120,Padel 4,80.0,frei,13
2026-05-29T19:31:01,2026-06-11,19:00,60,Padel 4,40.0,frei,13
2026-05-29T19:31:01,2026-06-11,19:00,90,Padel 4,60.0,frei,13
2026-05-29T19:31:01,2026-06-11,19:00,120,Padel 4,80.0,frei,13
2026-05-29T19:31:01,2026-06-11,19:30,60,Padel 4,40.0,frei,13
2026-05-29T19:31:01,2026-06-11,19:30,90,Padel 4,60.0,frei,13
2026-05-29T19:31:01,2026-06-11,19:30,120,Padel 4,80.0,frei,13
2026-05-29T19:31:01,2026-06-11,20:00,60,Padel 4,40.0,frei,13
2026-05-29T19:31:01,2026-06-11,20:00,90,Padel 4,60.0,frei,13
2026-05-29T19:31:01,2026-06-11,20:00,120,Padel 4,80.0,frei,13
2026-05-29T19:31:01,2026-06-11,20:30,60,Padel 4,40.0,frei,13
2026-05-29T19:31:01,2026-06-11,20:30,90,Padel 4,60.0,frei,13
2026-05-29T19:31:01,2026-06-11,21:00,60,Padel 4,40.0,frei,13
2026-05-29T19:31:01,2026-06-11,21:00,120,Padel 4,80.0,frei,13
2026-05-29T19:31:01,2026-06-11,21:30,90,Padel 4,60.0,frei,13
2026-05-29T19:31:01,2026-06-11,22:00,60,Padel 4,40.0,frei,13
2026-05-29T19:31:01,2026-06-12,08:00,60,Padel 1,24.0,frei,14
2026-05-29T19:31:01,2026-06-12,08:00,90,Padel 1,36.0,frei,14
2026-05-29T19:31:01,2026-06-12,08:00,120,Padel 1,48.0,frei,14
2026-05-29T19:31:01,2026-06-12,08:30,60,Padel 1,24.0,frei,14
2026-05-29T19:31:01,2026-06-12,08:30,90,Padel 1,36.0,frei,14
2026-05-29T19:31:01,2026-06-12,08:30,120,Padel 1,48.0,frei,14
2026-05-29T19:31:01,2026-06-12,09:00,60,Padel 1,24.0,frei,14
2026-05-29T19:31:01,2026-06-12,09:00,90,Padel 1,36.0,frei,14
2026-05-29T19:31:01,2026-06-12,09:00,120,Padel 1,48.0,frei,14
2026-05-29T19:31:01,2026-06-12,09:30,60,Padel 1,24.0,frei,14
2026-05-29T19:31:01,2026-06-12,09:30,90,Padel 1,36.0,frei,14
2026-05-29T19:31:01,2026-06-12,09:30,120,Padel 1,48.0,frei,14
2026-05-29T19:31:01,2026-06-12,10:00,60,Padel 1,24.0,frei,14
2026-05-29T19:31:01,2026-06-12,10:00,90,Padel 1,36.0,frei,14
2026-05-29T19:31:01,2026-06-12,10:00,120,Padel 1,48.0,frei,14
2026-05-29T19:31:01,2026-06-12,10:30,60,Padel 1,24.0,frei,14
2026-05-29T19:31:01,2026-06-12,10:30,90,Padel 1,36.0,frei,14
2026-05-29T19:31:01,2026-06-12,10:30,120,Padel 1,48.0,frei,14
2026-05-29T19:31:01,2026-06-12,11:00,60,Padel 1,24.0,frei,14
2026-05-29T19:31:01,2026-06-12,11:00,90,Padel 1,36.0,frei,14
2026-05-29T19:31:01,2026-06-12,11:00,120,Padel 1,48.0,frei,14
2026-05-29T19:31:01,2026-06-12,11:30,60,Padel 1,24.0,frei,14
2026-05-29T19:31:01,2026-06-12,11:30,90,Padel 1,36.0,frei,14
2026-05-29T19:31:01,2026-06-12,11:30,120,Padel 1,48.0,frei,14
2026-05-29T19:31:01,2026-06-12,12:00,60,Padel 1,24.0,frei,14
2026-05-29T19:31:01,2026-06-12,12:00,90,Padel 1,36.0,frei,14
2026-05-29T19:31:01,2026-06-12,12:00,120,Padel 1,48.0,frei,14
2026-05-29T19:31:01,2026-06-12,12:30,60,Padel 1,24.0,frei,14
2026-05-29T19:31:01,2026-06-12,12:30,90,Padel 1,36.0,frei,14
2026-05-29T19:31:01,2026-06-12,12:30,120,Padel 1,48.0,frei,14
2026-05-29T19:31:01,2026-06-12,13:00,60,Padel 1,24.0,frei,14
2026-05-29T19:31:01,2026-06-12,13:00,90,Padel 1,36.0,frei,14
2026-05-29T19:31:01,2026-06-12,13:00,120,Padel 1,48.0,frei,14
2026-05-29T19:31:01,2026-06-12,13:30,60,Padel 1,24.0,frei,14
2026-05-29T19:31:01,2026-06-12,13:30,90,Padel 1,36.0,frei,14
2026-05-29T19:31:01,2026-06-12,14:00,60,Padel 1,24.0,frei,14
2026-05-29T19:31:01,2026-06-12,14:00,120,Padel 1,48.0,frei,14
2026-05-29T19:31:01,2026-06-12,14:30,90,Padel 1,36.0,frei,14
2026-05-29T19:31:01,2026-06-12,15:00,60,Padel 1,24.0,frei,14
2026-05-29T19:31:01,2026-06-12,18:00,60,Padel 1,40.0,frei,14
2026-05-29T19:31:01,2026-06-12,18:00,90,Padel 1,60.0,frei,14
2026-05-29T19:31:01,2026-06-12,18:00,120,Padel 1,80.0,frei,14
2026-05-29T19:31:01,2026-06-12,19:00,60,Padel 1,40.0,frei,14
2026-05-29T19:31:01,2026-06-12,19:00,90,Padel 1,60.0,frei,14
2026-05-29T19:31:01,2026-06-12,19:00,120,Padel 1,80.0,frei,14
2026-05-29T19:31:01,2026-06-12,19:30,60,Padel 1,40.0,frei,14
2026-05-29T19:31:01,2026-06-12,19:30,90,Padel 1,60.0,frei,14
2026-05-29T19:31:01,2026-06-12,19:30,120,Padel 1,80.0,frei,14
2026-05-29T19:31:01,2026-06-12,08:00,60,Padel 3,24.0,frei,14
2026-05-29T19:31:01,2026-06-12,08:00,90,Padel 3,36.0,frei,14
2026-05-29T19:31:01,2026-06-12,08:00,120,Padel 3,48.0,frei,14
2026-05-29T19:31:01,2026-06-12,08:30,60,Padel 3,24.0,frei,14
2026-05-29T19:31:01,2026-06-12,08:30,90,Padel 3,36.0,frei,14
2026-05-29T19:31:01,2026-06-12,08:30,120,Padel 3,48.0,frei,14
2026-05-29T19:31:01,2026-06-12,09:00,60,Padel 3,24.0,frei,14
2026-05-29T19:31:01,2026-06-12,09:00,90,Padel 3,36.0,frei,14
2026-05-29T19:31:01,2026-06-12,09:00,120,Padel 3,48.0,frei,14
2026-05-29T19:31:01,2026-06-12,09:30,60,Padel 3,24.0,frei,14
2026-05-29T19:31:01,2026-06-12,09:30,90,Padel 3,36.0,frei,14
2026-05-29T19:31:01,2026-06-12,09:30,120,Padel 3,48.0,frei,14
2026-05-29T19:31:01,2026-06-12,10:00,60,Padel 3,24.0,frei,14
2026-05-29T19:31:01,2026-06-12,10:00,90,Padel 3,36.0,frei,14
2026-05-29T19:31:01,2026-06-12,10:00,120,Padel 3,48.0,frei,14
2026-05-29T19:31:01,2026-06-12,10:30,60,Padel 3,24.0,frei,14
2026-05-29T19:31:01,2026-06-12,10:30,90,Padel 3,36.0,frei,14
2026-05-29T19:31:01,2026-06-12,10:30,120,Padel 3,48.0,frei,14
2026-05-29T19:31:01,2026-06-12,11:00,60,Padel 3,24.0,frei,14
2026-05-29T19:31:01,2026-06-12,11:00,90,Padel 3,36.0,frei,14
2026-05-29T19:31:01,2026-06-12,11:00,120,Padel 3,48.0,frei,14
2026-05-29T19:31:01,2026-06-12,11:30,60,Padel 3,24.0,frei,14
2026-05-29T19:31:01,2026-06-12,11:30,90,Padel 3,36.0,frei,14
2026-05-29T19:31:01,2026-06-12,11:30,120,Padel 3,48.0,frei,14
2026-05-29T19:31:01,2026-06-12,12:00,60,Padel 3,24.0,frei,14
2026-05-29T19:31:01,2026-06-12,12:00,90,Padel 3,36.0,frei,14
2026-05-29T19:31:01,2026-06-12,12:00,120,Padel 3,48.0,frei,14
2026-05-29T19:31:01,2026-06-12,12:30,60,Padel 3,24.0,frei,14
2026-05-29T19:31:01,2026-06-12,12:30,90,Padel 3,36.0,frei,14
2026-05-29T19:31:01,2026-06-12,12:30,120,Padel 3,48.0,frei,14
2026-05-29T19:31:01,2026-06-12,13:00,60,Padel 3,24.0,frei,14
2026-05-29T19:31:01,2026-06-12,13:00,90,Padel 3,36.0,frei,14
2026-05-29T19:31:01,2026-06-12,13:00,120,Padel 3,48.0,frei,14
2026-05-29T19:31:01,2026-06-12,13:30,60,Padel 3,24.0,frei,14
2026-05-29T19:31:01,2026-06-12,13:30,90,Padel 3,36.0,frei,14
2026-05-29T19:31:01,2026-06-12,13:30,120,Padel 3,48.0,frei,14
2026-05-29T19:31:01,2026-06-12,14:00,60,Padel 3,24.0,frei,14
2026-05-29T19:31:01,2026-06-12,14:00,90,Padel 3,36.0,frei,14
2026-05-29T19:31:01,2026-06-12,14:00,120,Padel 3,48.0,frei,14
2026-05-29T19:31:01,2026-06-12,14:30,60,Padel 3,24.0,frei,14
2026-05-29T19:31:01,2026-06-12,14:30,90,Padel 3,36.0,frei,14
2026-05-29T19:31:01,2026-06-12,14:30,120,Padel 3,56.0,frei,14
2026-05-29T19:31:01,2026-06-12,15:00,60,Padel 3,24.0,frei,14
2026-05-29T19:31:01,2026-06-12,15:00,90,Padel 3,44.0,frei,14
2026-05-29T19:31:01,2026-06-12,15:00,120,Padel 3,64.0,frei,14
2026-05-29T19:31:01,2026-06-12,15:30,60,Padel 3,32.0,frei,14
2026-05-29T19:31:01,2026-06-12,15:30,90,Padel 3,52.0,frei,14
2026-05-29T19:31:01,2026-06-12,15:30,120,Padel 3,72.0,frei,14
2026-05-29T19:31:01,2026-06-12,16:00,60,Padel 3,40.0,frei,14
2026-05-29T19:31:01,2026-06-12,16:00,90,Padel 3,60.0,frei,14
2026-05-29T19:31:01,2026-06-12,16:00,120,Padel 3,80.0,frei,14
2026-05-29T19:31:01,2026-06-12,16:30,60,Padel 3,40.0,frei,14
2026-05-29T19:31:01,2026-06-12,16:30,90,Padel 3,60.0,frei,14
2026-05-29T19:31:01,2026-06-12,16:30,120,Padel 3,80.0,frei,14
2026-05-29T19:31:01,2026-06-12,17:00,60,Padel 3,40.0,frei,14
2026-05-29T19:31:01,2026-06-12,17:00,90,Padel 3,60.0,frei,14
2026-05-29T19:31:01,2026-06-12,17:00,120,Padel 3,80.0,frei,14
2026-05-29T19:31:01,2026-06-12,17:30,60,Padel 3,40.0,frei,14
2026-05-29T19:31:01,2026-06-12,17:30,90,Padel 3,60.0,frei,14
2026-05-29T19:31:01,2026-06-12,17:30,120,Padel 3,80.0,frei,14
2026-05-29T19:31:01,2026-06-12,18:00,60,Padel 3,40.0,frei,14
2026-05-29T19:31:01,2026-06-12,18:00,90,Padel 3,60.0,frei,14
2026-05-29T19:31:01,2026-06-12,18:00,120,Padel 3,80.0,frei,14
2026-05-29T19:31:01,2026-06-12,18:30,60,Padel 3,40.0,frei,14
2026-05-29T19:31:01,2026-06-12,18:30,90,Padel 3,60.0,frei,14
2026-05-29T19:31:01,2026-06-12,18:30,120,Padel 3,80.0,frei,14
2026-05-29T19:31:01,2026-06-12,19:00,60,Padel 3,40.0,frei,14
2026-05-29T19:31:01,2026-06-12,19:00,90,Padel 3,60.0,frei,14
2026-05-29T19:31:01,2026-06-12,19:00,120,Padel 3,80.0,frei,14
2026-05-29T19:31:01,2026-06-12,19:30,60,Padel 3,40.0,frei,14
2026-05-29T19:31:01,2026-06-12,19:30,90,Padel 3,60.0,frei,14
2026-05-29T19:31:01,2026-06-12,19:30,120,Padel 3,80.0,frei,14
2026-05-29T19:31:01,2026-06-12,08:00,60,Padel 2,24.0,frei,14
2026-05-29T19:31:01,2026-06-12,08:00,90,Padel 2,36.0,frei,14
2026-05-29T19:31:01,2026-06-12,08:00,120,Padel 2,48.0,frei,14
2026-05-29T19:31:01,2026-06-12,08:30,60,Padel 2,24.0,frei,14
2026-05-29T19:31:01,2026-06-12,08:30,90,Padel 2,36.0,frei,14
2026-05-29T19:31:01,2026-06-12,08:30,120,Padel 2,48.0,frei,14
2026-05-29T19:31:01,2026-06-12,09:00,60,Padel 2,24.0,frei,14
2026-05-29T19:31:01,2026-06-12,09:00,90,Padel 2,36.0,frei,14
2026-05-29T19:31:01,2026-06-12,09:00,120,Padel 2,48.0,frei,14
2026-05-29T19:31:01,2026-06-12,09:30,60,Padel 2,24.0,frei,14
2026-05-29T19:31:01,2026-06-12,09:30,90,Padel 2,36.0,frei,14
2026-05-29T19:31:01,2026-06-12,09:30,120,Padel 2,48.0,frei,14
2026-05-29T19:31:01,2026-06-12,10:00,60,Padel 2,24.0,frei,14
2026-05-29T19:31:01,2026-06-12,10:00,90,Padel 2,36.0,frei,14
2026-05-29T19:31:01,2026-06-12,10:00,120,Padel 2,48.0,frei,14
2026-05-29T19:31:01,2026-06-12,10:30,60,Padel 2,24.0,frei,14
2026-05-29T19:31:01,2026-06-12,10:30,90,Padel 2,36.0,frei,14
2026-05-29T19:31:01,2026-06-12,10:30,120,Padel 2,48.0,frei,14
2026-05-29T19:31:01,2026-06-12,11:00,60,Padel 2,24.0,frei,14
2026-05-29T19:31:01,2026-06-12,11:00,90,Padel 2,36.0,frei,14
2026-05-29T19:31:01,2026-06-12,11:00,120,Padel 2,48.0,frei,14
2026-05-29T19:31:01,2026-06-12,11:30,60,Padel 2,24.0,frei,14
2026-05-29T19:31:01,2026-06-12,11:30,90,Padel 2,36.0,frei,14
2026-05-29T19:31:01,2026-06-12,11:30,120,Padel 2,48.0,frei,14
2026-05-29T19:31:01,2026-06-12,12:00,60,Padel 2,24.0,frei,14
2026-05-29T19:31:01,2026-06-12,12:00,90,Padel 2,36.0,frei,14
2026-05-29T19:31:01,2026-06-12,12:00,120,Padel 2,48.0,frei,14
2026-05-29T19:31:01,2026-06-12,12:30,60,Padel 2,24.0,frei,14
2026-05-29T19:31:01,2026-06-12,12:30,90,Padel 2,36.0,frei,14
2026-05-29T19:31:01,2026-06-12,12:30,120,Padel 2,48.0,frei,14
2026-05-29T19:31:01,2026-06-12,13:00,60,Padel 2,24.0,frei,14
2026-05-29T19:31:01,2026-06-12,13:00,90,Padel 2,36.0,frei,14
2026-05-29T19:31:01,2026-06-12,13:00,120,Padel 2,48.0,frei,14
2026-05-29T19:31:01,2026-06-12,13:30,60,Padel 2,24.0,frei,14
2026-05-29T19:31:01,2026-06-12,13:30,90,Padel 2,36.0,frei,14
2026-05-29T19:31:01,2026-06-12,14:00,60,Padel 2,24.0,frei,14
2026-05-29T19:31:01,2026-06-12,14:00,120,Padel 2,48.0,frei,14
2026-05-29T19:31:01,2026-06-12,14:30,90,Padel 2,36.0,frei,14
2026-05-29T19:31:01,2026-06-12,15:00,60,Padel 2,24.0,frei,14
2026-05-29T19:31:01,2026-06-12,18:00,60,Padel 2,40.0,frei,14
2026-05-29T19:31:01,2026-06-12,18:00,90,Padel 2,60.0,frei,14
2026-05-29T19:31:01,2026-06-12,18:00,120,Padel 2,80.0,frei,14
2026-05-29T19:31:01,2026-06-12,19:00,60,Padel 2,40.0,frei,14
2026-05-29T19:31:01,2026-06-12,19:00,90,Padel 2,60.0,frei,14
2026-05-29T19:31:01,2026-06-12,19:00,120,Padel 2,80.0,frei,14
2026-05-29T19:31:01,2026-06-12,19:30,60,Padel 2,40.0,frei,14
2026-05-29T19:31:01,2026-06-12,19:30,90,Padel 2,60.0,frei,14
2026-05-29T19:31:01,2026-06-12,19:30,120,Padel 2,80.0,frei,14
2026-05-29T19:31:01,2026-06-12,08:00,60,Padel 4,24.0,frei,14
2026-05-29T19:31:01,2026-06-12,08:00,90,Padel 4,36.0,frei,14
2026-05-29T19:31:01,2026-06-12,08:00,120,Padel 4,48.0,frei,14
2026-05-29T19:31:01,2026-06-12,08:30,60,Padel 4,24.0,frei,14
2026-05-29T19:31:01,2026-06-12,08:30,90,Padel 4,36.0,frei,14
2026-05-29T19:31:01,2026-06-12,08:30,120,Padel 4,48.0,frei,14
2026-05-29T19:31:01,2026-06-12,09:00,60,Padel 4,24.0,frei,14
2026-05-29T19:31:01,2026-06-12,09:00,90,Padel 4,36.0,frei,14
2026-05-29T19:31:01,2026-06-12,09:00,120,Padel 4,48.0,frei,14
2026-05-29T19:31:01,2026-06-12,09:30,60,Padel 4,24.0,frei,14
2026-05-29T19:31:01,2026-06-12,09:30,90,Padel 4,36.0,frei,14
2026-05-29T19:31:01,2026-06-12,09:30,120,Padel 4,48.0,frei,14
2026-05-29T19:31:01,2026-06-12,10:00,60,Padel 4,24.0,frei,14
2026-05-29T19:31:01,2026-06-12,10:00,90,Padel 4,36.0,frei,14
2026-05-29T19:31:01,2026-06-12,10:00,120,Padel 4,48.0,frei,14
2026-05-29T19:31:01,2026-06-12,10:30,60,Padel 4,24.0,frei,14
2026-05-29T19:31:01,2026-06-12,10:30,90,Padel 4,36.0,frei,14
2026-05-29T19:31:01,2026-06-12,10:30,120,Padel 4,48.0,frei,14
2026-05-29T19:31:01,2026-06-12,11:00,60,Padel 4,24.0,frei,14
2026-05-29T19:31:01,2026-06-12,11:00,90,Padel 4,36.0,frei,14
2026-05-29T19:31:01,2026-06-12,11:00,120,Padel 4,48.0,frei,14
2026-05-29T19:31:01,2026-06-12,11:30,60,Padel 4,24.0,frei,14
2026-05-29T19:31:01,2026-06-12,11:30,90,Padel 4,36.0,frei,14
2026-05-29T19:31:01,2026-06-12,11:30,120,Padel 4,48.0,frei,14
2026-05-29T19:31:01,2026-06-12,12:00,60,Padel 4,24.0,frei,14
2026-05-29T19:31:01,2026-06-12,12:00,90,Padel 4,36.0,frei,14
2026-05-29T19:31:01,2026-06-12,12:00,120,Padel 4,48.0,frei,14
2026-05-29T19:31:01,2026-06-12,12:30,60,Padel 4,24.0,frei,14
2026-05-29T19:31:01,2026-06-12,12:30,90,Padel 4,36.0,frei,14
2026-05-29T19:31:01,2026-06-12,12:30,120,Padel 4,48.0,frei,14
2026-05-29T19:31:01,2026-06-12,13:00,60,Padel 4,24.0,frei,14
2026-05-29T19:31:01,2026-06-12,13:00,90,Padel 4,36.0,frei,14
2026-05-29T19:31:01,2026-06-12,13:00,120,Padel 4,48.0,frei,14
2026-05-29T19:31:01,2026-06-12,13:30,60,Padel 4,24.0,frei,14
2026-05-29T19:31:01,2026-06-12,13:30,90,Padel 4,36.0,frei,14
2026-05-29T19:31:01,2026-06-12,13:30,120,Padel 4,48.0,frei,14
2026-05-29T19:31:01,2026-06-12,14:00,60,Padel 4,24.0,frei,14
2026-05-29T19:31:01,2026-06-12,14:00,90,Padel 4,36.0,frei,14
2026-05-29T19:31:01,2026-06-12,14:00,120,Padel 4,48.0,frei,14
2026-05-29T19:31:01,2026-06-12,14:30,60,Padel 4,24.0,frei,14
2026-05-29T19:31:01,2026-06-12,14:30,90,Padel 4,36.0,frei,14
2026-05-29T19:31:01,2026-06-12,14:30,120,Padel 4,56.0,frei,14
2026-05-29T19:31:01,2026-06-12,15:00,60,Padel 4,24.0,frei,14
2026-05-29T19:31:01,2026-06-12,15:00,90,Padel 4,44.0,frei,14
2026-05-29T19:31:01,2026-06-12,15:00,120,Padel 4,64.0,frei,14
2026-05-29T19:31:01,2026-06-12,15:30,60,Padel 4,32.0,frei,14
2026-05-29T19:31:01,2026-06-12,15:30,90,Padel 4,52.0,frei,14
2026-05-29T19:31:01,2026-06-12,15:30,120,Padel 4,72.0,frei,14
2026-05-29T19:31:01,2026-06-12,16:00,60,Padel 4,40.0,frei,14
2026-05-29T19:31:01,2026-06-12,16:00,90,Padel 4,60.0,frei,14
2026-05-29T19:31:01,2026-06-12,16:00,120,Padel 4,80.0,frei,14
2026-05-29T19:31:01,2026-06-12,16:30,60,Padel 4,40.0,frei,14
2026-05-29T19:31:01,2026-06-12,16:30,90,Padel 4,60.0,frei,14
2026-05-29T19:31:01,2026-06-12,16:30,120,Padel 4,80.0,frei,14
2026-05-29T19:31:01,2026-06-12,17:00,60,Padel 4,40.0,frei,14
2026-05-29T19:31:01,2026-06-12,17:00,90,Padel 4,60.0,frei,14
2026-05-29T19:31:01,2026-06-12,17:00,120,Padel 4,80.0,frei,14
2026-05-29T19:31:01,2026-06-12,17:30,60,Padel 4,40.0,frei,14
2026-05-29T19:31:01,2026-06-12,17:30,90,Padel 4,60.0,frei,14
2026-05-29T19:31:01,2026-06-12,17:30,120,Padel 4,80.0,frei,14
2026-05-29T19:31:01,2026-06-12,18:00,60,Padel 4,40.0,frei,14
2026-05-29T19:31:01,2026-06-12,18:00,90,Padel 4,60.0,frei,14
2026-05-29T19:31:01,2026-06-12,18:00,120,Padel 4,80.0,frei,14
2026-05-29T19:31:01,2026-06-12,18:30,60,Padel 4,40.0,frei,14
2026-05-29T19:31:01,2026-06-12,18:30,90,Padel 4,60.0,frei,14
2026-05-29T19:31:01,2026-06-12,18:30,120,Padel 4,80.0,frei,14
2026-05-29T19:31:01,2026-06-12,19:00,60,Padel 4,40.0,frei,14
2026-05-29T19:31:01,2026-06-12,19:00,90,Padel 4,60.0,frei,14
2026-05-29T19:31:01,2026-06-12,19:00,120,Padel 4,80.0,frei,14
2026-05-29T19:31:01,2026-06-12,19:30,60,Padel 4,40.0,frei,14
2026-05-29T19:31:01,2026-06-12,19:30,90,Padel 4,60.0,frei,14
2026-05-29T19:31:01,2026-06-12,19:30,120,Padel 4,80.0,frei,14
